0 0.3645833333333333 0.38425925925925924 0.1375 0.2462962962962963
1 0.49166666666666664 0.4083333333333333 0.121875 0.21666666666666667
10 0.609375 0.4444444444444444 0.065625 0.24444444444444444
6 0.48489583333333336 0.7166666666666667 0.10625 0.23703703703703705
7 0.6041666666666666 0.7240740740740741 0.075 0.29074074074074074
6 0.4921875 0.725 0.11458333333333333 0.2037037037037037
6 0.6166666666666667 0.17962962962962964 0.05625 0.1962962962962963
0 0.07291666666666667 0.38425925925925924 0.1125 0.28425925925925927
10 0.953125 0.4444444444444444 0.0640625 0.24351851851851852
7 0.9583333333333334 0.7240740740740741 0.071875 0.28888888888888886
6 0.9458333333333333 0.17962962962962964 0.050520833333333334 0.19166666666666668