0 0.3645833333333333 0.38425925925925924 0.1125 0.28425925925925927
1 0.49166666666666664 0.4083333333333333 0.08229166666666667 0.27314814814814814
10 0.609375 0.4444444444444444 0.0640625 0.24351851851851852
6 0.48489583333333336 0.7166666666666667 0.09479166666666666 0.2212962962962963
7 0.6041666666666666 0.7240740740740741 0.071875 0.28888888888888886
6 0.4921875 0.725 0.078125 0.2351851851851852
6 0.6166666666666667 0.17962962962962964 0.050520833333333334 0.19166666666666668
0 0.07291666666666667 0.38425925925925924 0.1125 0.28425925925925927
10 0.953125 0.4444444444444444 0.0640625 0.24351851851851852
7 0.9583333333333334 0.7240740740740741 0.071875 0.28888888888888886
6 0.9458333333333333 0.17962962962962964 0.050520833333333334 0.19166666666666668