7 0.6661458333333333 0.25277777777777777 0.15416666666666667 0.2537037037037037
14 0.4666666666666667 0.29074074074074074 0.11979166666666667 0.2111111111111111
6 0.29270833333333335 0.2953703703703704 0.11354166666666667 0.20185185185185187
1 0.44375 0.5407407407407407 0.16458333333333333 0.29259259259259257
2 0.6786458333333333 0.5407407407407407 0.14479166666666668 0.2574074074074074
12 0.43385416666666665 0.8138888888888889 0.20416666666666666 0.362962962962963
7 0.8963541666666667 0.25277777777777777 0.14322916666666666 0.23055555555555557
14 0.016666666666666666 0.29074074074074074 0.03333333333333333 0.19814814814814816
6 0.14479166666666668 0.2953703703703704 0.1078125 0.18888888888888888
1 0.044270833333333336 0.5407407407407407 0.08854166666666667 0.19444444444444445
2 0.8838541666666667 0.5407407407407407 0.14322916666666666 0.2574074074074074
12 0.059375 0.8134259259259259 0.11875 0.2935185185185185