7 0.6661458333333333 0.25277777777777777 0.140625 0.25
14 0.4666666666666667 0.2898148148148148 0.1375 0.22407407407407406
6 0.2921875 0.29444444444444445 0.115625 0.20185185185185187
1 0.44375 0.5407407407407407 0.19791666666666666 0.2222222222222222
2 0.678125 0.5398148148148149 0.14375 0.2574074074074074
12 0.43359375 0.8111111111111111 0.21510416666666668 0.37777777777777777
7 0.8963541666666667 0.25277777777777777 0.14322916666666666 0.23055555555555557
14 0.016666666666666666 0.2898148148148148 0.03333333333333333 0.19814814814814816
6 0.1453125 0.29444444444444445 0.10885416666666667 0.18888888888888888
1 0.044270833333333336 0.5407407407407407 0.08854166666666667 0.19444444444444445
2 0.884375 0.5398148148148149 0.14322916666666666 0.2574074074074074
12 0.059375 0.8134259259259259 0.11875 0.2935185185185185