7 0.6661458333333333 0.25277777777777777 0.15104166666666666 0.24814814814814815
14 0.4666666666666667 0.29074074074074074 0.128125 0.22777777777777777
6 0.29270833333333335 0.2953703703703704 0.11041666666666666 0.1962962962962963
1 0.44375 0.5407407407407407 0.15416666666666667 0.2740740740740741
2 0.6786458333333333 0.5407407407407407 0.15729166666666666 0.2796296296296296
12 0.43385416666666665 0.8138888888888889 0.20104166666666667 0.3574074074074074
7 0.8963541666666667 0.25277777777777777 0.14322916666666666 0.23055555555555557
14 0.016666666666666666 0.29074074074074074 0.03333333333333333 0.19814814814814816
6 0.14479166666666668 0.2953703703703704 0.1078125 0.18888888888888888
1 0.044270833333333336 0.5407407407407407 0.08854166666666667 0.19444444444444445
2 0.8838541666666667 0.5407407407407407 0.14322916666666666 0.2574074074074074
12 0.059375 0.8134259259259259 0.11875 0.2935185185185185