7 0.6661458333333333 0.25277777777777777 0.14322916666666666 0.23055555555555557
14 0.4666666666666667 0.2898148148148148 0.12552083333333333 0.19814814814814816
6 0.29270833333333335 0.2953703703703704 0.1078125 0.18888888888888888
1 0.44375 0.5398148148148149 0.18958333333333333 0.19444444444444445
2 0.6786458333333333 0.5407407407407407 0.14322916666666666 0.2574074074074074
12 0.43385416666666665 0.8138888888888889 0.23020833333333332 0.2935185185185185
7 0.8963541666666667 0.25277777777777777 0.14322916666666666 0.23055555555555557
14 0.016666666666666666 0.2898148148148148 0.03333333333333333 0.19814814814814816
6 0.14479166666666668 0.2953703703703704 0.1078125 0.18888888888888888
1 0.044270833333333336 0.5398148148148149 0.08854166666666667 0.19444444444444445
2 0.8838541666666667 0.5407407407407407 0.14322916666666666 0.2574074074074074
12 0.059375 0.8134259259259259 0.11875 0.2935185185185185