7 0.6661458333333333 0.25277777777777777 0.14583333333333334 0.23703703703703705
14 0.4666666666666667 0.2898148148148148 0.12291666666666666 0.21851851851851853
6 0.2921875 0.29444444444444445 0.11458333333333333 0.2037037037037037
1 0.44375 0.5407407407407407 0.15833333333333333 0.2814814814814815
2 0.678125 0.5398148148148149 0.14791666666666667 0.26481481481481484
12 0.43385416666666665 0.812037037037037 0.21354166666666666 0.37592592592592594
7 0.8963541666666667 0.25277777777777777 0.14322916666666666 0.23055555555555557
14 0.016666666666666666 0.2898148148148148 0.03333333333333333 0.19814814814814816
6 0.1453125 0.29444444444444445 0.10885416666666667 0.18888888888888888
1 0.044270833333333336 0.5407407407407407 0.08854166666666667 0.19444444444444445
2 0.884375 0.5398148148148149 0.14322916666666666 0.2574074074074074
12 0.059375 0.8134259259259259 0.11875 0.2935185185185185