11 0.40677083333333336 0.35462962962962963 0.11041666666666666 0.16666666666666666
6 0.2796875 0.36574074074074076 0.08125 0.14444444444444443
0 0.5755208333333334 0.5509259259259259 0.09895833333333333 0.2
13 0.39010416666666664 0.5592592592592592 0.12916666666666668 0.18518518518518517
15 0.7255208333333333 0.5694444444444444 0.1125 0.22037037037037038
3 0.7244791666666667 0.8083333333333333 0.09270833333333334 0.1685185185185185
2 0.715625 0.13055555555555556 0.09895833333333333 0.17592592592592593
2 0.5713541666666667 0.15925925925925927 0.10208333333333333 0.15925925925925927
7 0.41302083333333334 0.1638888888888889 0.09895833333333333 0.17592592592592593
1 0.27760416666666665 0.16574074074074074 0.090625 0.16296296296296298
11 0.042708333333333334 0.35462962962962963 0.08541666666666667 0.1648148148148148
6 0.1578125 0.36574074074074076 0.0671875 0.14444444444444443
0 0.9708333333333333 0.5509259259259259 0.058333333333333334 0.18703703703703703
13 0.05416666666666667 0.5592592592592592 0.10833333333333334 0.1685185185185185
15 0.8369791666666667 0.5694444444444444 0.1 0.20092592592592592
3 0.8380208333333333 0.8083333333333333 0.0921875 0.16944444444444445
2 0.846875 0.13055555555555556 0.0953125 0.15
2 0.97109375 0.15925925925925927 0.0578125 0.15
7 0.03697916666666667 0.1638888888888889 0.07395833333333333 0.15
1 0.15989583333333332 0.16574074074074074 0.08125 0.16944444444444445