1 0.2869791666666667 0.25 0.08229166666666667 0.12777777777777777
5 0.6203125 0.34814814814814815 0.15625 0.18055555555555555
14 0.41822916666666665 0.39166666666666666 0.11770833333333333 0.1527777777777778
6 0.2635416666666667 0.4083333333333333 0.0640625 0.12962962962962962
15 0.7354166666666667 0.55 0.0875 0.2
0 0.553125 0.5574074074074075 0.09895833333333333 0.1638888888888889
13 0.3619791666666667 0.5935185185185186 0.11770833333333333 0.15555555555555556
3 0.7260416666666667 0.825925925925926 0.10416666666666667 0.2462962962962963
12 0.5458333333333333 0.8314814814814815 0.134375 0.2759259259259259
7 0.40572916666666664 0.2222222222222222 0.11041666666666666 0.09166666666666666
1 0.15052083333333333 0.25 0.08229166666666667 0.12777777777777777
5 0.93203125 0.3476851851851852 0.1359375 0.18055555555555555
14 0.0390625 0.3912037037037037 0.078125 0.1527777777777778
6 0.17395833333333333 0.4083333333333333 0.0640625 0.12962962962962962
15 0.8270833333333333 0.55 0.0875 0.2
0 0.9799479166666667 0.5569444444444445 0.04010416666666667 0.1638888888888889
13 0.07552083333333333 0.5935185185185186 0.11770833333333333 0.15555555555555556
3 0.8364583333333333 0.825925925925926 0.10416666666666667 0.2462962962962963
12 0.9747395833333333 0.8314814814814815 0.050520833333333334 0.2759259259259259
7 0.04348958333333333 0.22175925925925927 0.08697916666666666 0.09166666666666666