15 0.30104166666666665 0.3685185185185185 0.10520833333333333 0.15555555555555556
14 0.7307291666666667 0.4 0.1 0.14629629629629629
11 0.5708333333333333 0.55 0.0875 0.13703703703703704
6 0.7109375 0.5592592592592592 0.0578125 0.13240740740740742
13 0.690625 0.7203703703703703 0.07708333333333334 0.1824074074074074
8 0.5208333333333334 0.7268518518518519 0.1015625 0.16944444444444445
0 0.3703125 0.7509259259259259 0.09739583333333333 0.15925925925925927
5 0.7302083333333333 0.1712962962962963 0.09010416666666667 0.19444444444444445
15 0.13645833333333332 0.3685185185185185 0.10520833333333333 0.15555555555555556
14 0.8317708333333333 0.4 0.1 0.14629629629629629
11 0.9739583333333334 0.55 0.052083333333333336 0.13703703703703704
6 0.8515625 0.5592592592592592 0.0578125 0.13240740740740742
13 0.871875 0.7203703703703703 0.07708333333333334 0.1824074074074074
0 0.0671875 0.7509259259259259 0.09739583333333333 0.15925925925925927
5 0.8322916666666667 0.1712962962962963 0.09010416666666667 0.19444444444444445