15 0.30104166666666665 0.3685185185185185 0.09791666666666667 0.17407407407407408
14 0.7307291666666667 0.4 0.10729166666666666 0.16296296296296298
11 0.5708333333333333 0.55 0.09270833333333334 0.14814814814814814
6 0.7109375 0.5592592592592592 0.07291666666666667 0.12777777777777777
13 0.690625 0.7203703703703703 0.09895833333333333 0.17592592592592593
8 0.5208333333333334 0.7268518518518519 0.11041666666666666 0.18518518518518517
0 0.37083333333333335 0.7509259259259259 0.10104166666666667 0.16666666666666666
5 0.7302083333333333 0.17222222222222222 0.10625 0.18888888888888888
15 0.13645833333333332 0.3685185185185185 0.10520833333333333 0.15555555555555556
14 0.8317708333333333 0.4 0.1 0.14629629629629629
11 0.9739583333333334 0.55 0.052083333333333336 0.13703703703703704
6 0.8515625 0.5592592592592592 0.0578125 0.13240740740740742
13 0.871875 0.7203703703703703 0.07708333333333334 0.1824074074074074
0 0.06666666666666667 0.7509259259259259 0.09739583333333333 0.15925925925925927
5 0.8322916666666667 0.17222222222222222 0.09010416666666667 0.19444444444444445