10 0.7244791666666667 0.2740740740740741 0.075 0.10925925925925926
6 0.49635416666666665 0.2740740740740741 0.078125 0.0962962962962963
0 0.6015625 0.2777777777777778 0.06666666666666667 0.11851851851851852
15 0.30833333333333335 0.3638888888888889 0.08333333333333333 0.14814814814814814
6 0.5458333333333333 0.387037037037037 0.08541666666666667 0.15185185185185185
13 0.6447916666666667 0.5083333333333333 0.09166666666666666 0.16296296296296298
3 0.34791666666666665 0.5092592592592593 0.0875 0.15555555555555556
0 0.5703125 0.6546296296296297 0.11770833333333333 0.20925925925925926
1 0.49166666666666664 0.8629629629629629 0.14479166666666668 0.25555555555555554
10 0.8380208333333333 0.2740740740740741 0.06927083333333334 0.09814814814814815
0 0.9609375 0.2777777777777778 0.071875 0.09351851851851851
15 0.12916666666666668 0.3638888888888889 0.08125 0.12777777777777777
6 0.9791666666666666 0.387037037037037 0.041666666666666664 0.08703703703703704
13 0.9177083333333333 0.5083333333333333 0.10677083333333333 0.11666666666666667
3 0.08958333333333333 0.5092592592592593 0.1015625 0.10555555555555556
0 0.9596354166666666 0.6541666666666667 0.08072916666666667 0.15092592592592594