10 0.7244791666666667 0.2740740740740741 0.07395833333333333 0.10925925925925926
6 0.496875 0.2740740740740741 0.07708333333333334 0.0962962962962963
0 0.6015625 0.2777777777777778 0.0625 0.11296296296296296
15 0.30833333333333335 0.3638888888888889 0.08854166666666667 0.1425925925925926
6 0.5458333333333333 0.387037037037037 0.08958333333333333 0.15925925925925927
13 0.6447916666666667 0.5083333333333333 0.10729166666666666 0.12037037037037036
3 0.34791666666666665 0.5092592592592593 0.0875 0.15555555555555556
0 0.5703125 0.6546296296296297 0.11979166666666667 0.21296296296296297
1 0.49166666666666664 0.8629629629629629 0.15104166666666666 0.26666666666666666
10 0.8380208333333333 0.2740740740740741 0.06927083333333334 0.09814814814814815
0 0.9609375 0.2777777777777778 0.071875 0.09351851851851851
15 0.12916666666666668 0.3638888888888889 0.08125 0.12777777777777777
6 0.9791666666666666 0.387037037037037 0.041666666666666664 0.08703703703703704
13 0.9177083333333333 0.5083333333333333 0.10677083333333333 0.11666666666666667
3 0.08958333333333333 0.5092592592592593 0.1015625 0.10555555555555556
0 0.9596354166666666 0.6541666666666667 0.08072916666666667 0.15092592592592594