10 0.7244791666666667 0.2740740740740741 0.06927083333333334 0.09814814814814815
6 0.496875 0.2740740740740741 0.07291666666666667 0.0824074074074074
0 0.6015625 0.2777777777777778 0.071875 0.09351851851851851
15 0.30833333333333335 0.3638888888888889 0.08125 0.12777777777777777
6 0.5458333333333333 0.387037037037037 0.11666666666666667 0.08703703703703704
13 0.6447916666666667 0.5083333333333333 0.10677083333333333 0.11666666666666667
3 0.34791666666666665 0.5092592592592593 0.1015625 0.10555555555555556
0 0.5703125 0.6546296296296297 0.14583333333333334 0.1527777777777778
1 0.49166666666666664 0.8629629629629629 0.17552083333333332 0.19444444444444445
10 0.8380208333333333 0.2740740740740741 0.06927083333333334 0.09814814814814815
0 0.9609375 0.2777777777777778 0.071875 0.09351851851851851
15 0.12916666666666668 0.3638888888888889 0.08125 0.12777777777777777
6 0.9791666666666666 0.387037037037037 0.041666666666666664 0.08703703703703704
13 0.9177083333333333 0.5083333333333333 0.10677083333333333 0.11666666666666667
3 0.08958333333333333 0.5092592592592593 0.1015625 0.10555555555555556
0 0.9596354166666666 0.6541666666666667 0.08072916666666667 0.1527777777777778