13 0.2890625 0.2675925925925926 0.09166666666666666 0.16296296296296298
11 0.390625 0.4101851851851852 0.07395833333333333 0.13148148148148148
6 0.2921875 0.42407407407407405 0.06145833333333333 0.10925925925925926
15 0.64375 0.5148148148148148 0.13958333333333334 0.22407407407407406
14 0.2838541666666667 0.5509259259259259 0.08958333333333333 0.1574074074074074
5 0.271875 0.7481481481481481 0.10625 0.18888888888888888
3 0.6302083333333334 0.7907407407407407 0.15416666666666667 0.2740740740740741
0 0.5140625 0.15092592592592594 0.096875 0.17222222222222222
8 0.3890625 0.2222222222222222 0.1 0.17777777777777778
13 0.1484375 0.2675925925925926 0.08697916666666666 0.15462962962962962
11 0.046875 0.4101851851851852 0.07552083333333333 0.11481481481481481
6 0.1453125 0.42407407407407405 0.06458333333333334 0.09166666666666666
15 0.91875 0.5148148148148148 0.134375 0.21388888888888888
14 0.15364583333333334 0.5509259259259259 0.07447916666666667 0.15925925925925927
5 0.165625 0.7481481481481481 0.08958333333333333 0.18055555555555555
3 0.9317708333333333 0.7902777777777777 0.13645833333333332 0.2638888888888889
8 0.0484375 0.2222222222222222 0.09270833333333334 0.1638888888888889