13 0.34427083333333336 0.3148148148148148 0.05260416666666667 0.1259259259259259
11 0.44947916666666665 0.43425925925925923 0.07708333333333334 0.13240740740740742
6 0.36041666666666666 0.462037037037037 0.07291666666666667 0.10555555555555556
15 0.6869791666666667 0.5648148148148148 0.1296875 0.22592592592592592
14 0.365625 0.6027777777777777 0.09895833333333333 0.13703703703703704
5 0.3265625 0.8111111111111111 0.10520833333333333 0.16018518518518518
3 0.6895833333333333 0.8601851851851852 0.13489583333333333 0.25
8 0.4203125 0.24166666666666667 0.0953125 0.1935185185185185
13 0.09322916666666667 0.3148148148148148 0.05260416666666667 0.1259259259259259
11 0.01328125 0.4337962962962963 0.0265625 0.13240740740740742
6 0.07708333333333334 0.462037037037037 0.07291666666666667 0.10555555555555556
15 0.8755208333333333 0.5648148148148148 0.1296875 0.22592592592592592
14 0.071875 0.6027777777777777 0.09895833333333333 0.13703703703703704
5 0.1109375 0.8111111111111111 0.10520833333333333 0.16018518518518518
3 0.8729166666666667 0.8601851851851852 0.13489583333333333 0.25
8 0.03229166666666667 0.2412037037037037 0.06458333333333334 0.1935185185185185