6 0.3885416666666667 0.34814814814814815 0.08541666666666667 0.15185185185185185
12 0.6708333333333333 0.49907407407407406 0.11666666666666667 0.2074074074074074
0 0.55 0.5092592592592593 0.09166666666666666 0.16296296296296298
10 0.4546875 0.5962962962962963 0.115625 0.20555555555555555
3 0.3494791666666667 0.6101851851851852 0.08854166666666667 0.1574074074074074
5 0.5447916666666667 0.8148148148148148 0.09583333333333334 0.17037037037037037
8 0.6630208333333333 0.8194444444444444 0.14791666666666667 0.2611111111111111
15 0.42291666666666666 0.8212962962962963 0.09270833333333334 0.1648148148148148
14 0.48072916666666665 0.13796296296296295 0.07604166666666666 0.13518518518518519
13 0.5604166666666667 0.3138888888888889 0.08645833333333333 0.1537037037037037
6 0.04895833333333333 0.34814814814814815 0.0640625 0.16203703703703703
12 0.8916666666666667 0.49907407407407406 0.08125 0.26666666666666666
0 0.98828125 0.5092592592592593 0.0234375 0.17777777777777778
10 0.014322916666666666 0.5962962962962963 0.028645833333333332 0.21851851851851853
3 0.08802083333333334 0.6101851851851852 0.071875 0.1648148148148148
5 0.9908854166666666 0.8148148148148148 0.018229166666666668 0.19444444444444445
8 0.8994791666666667 0.8194444444444444 0.1078125 0.28888888888888886
15 0.02578125 0.8208333333333333 0.0515625 0.18981481481481483
13 0.9848958333333333 0.3138888888888889 0.030208333333333334 0.17777777777777778