6 0.3880208333333333 0.34814814814814815 0.078125 0.1388888888888889
12 0.6708333333333333 0.4981481481481482 0.12291666666666666 0.21851851851851853
0 0.55 0.5092592592592593 0.0875 0.15555555555555556
10 0.4546875 0.5962962962962963 0.10520833333333333 0.23333333333333334
3 0.3494791666666667 0.6101851851851852 0.08229166666666667 0.14629629629629629
5 0.5447916666666667 0.8138888888888889 0.09479166666666666 0.1685185185185185
8 0.6630208333333333 0.8194444444444444 0.11041666666666666 0.29074074074074074
15 0.42291666666666666 0.8212962962962963 0.10104166666666667 0.17962962962962964
14 0.48072916666666665 0.13796296296296295 0.07916666666666666 0.14074074074074075
13 0.5604166666666667 0.3138888888888889 0.08854166666666667 0.1574074074074074
6 0.049479166666666664 0.34814814814814815 0.06458333333333334 0.16203703703703703
12 0.8916666666666667 0.4981481481481482 0.08125 0.26666666666666666
0 0.98828125 0.5092592592592593 0.0234375 0.17777777777777778
10 0.014322916666666666 0.5962962962962963 0.028645833333333332 0.21851851851851853
3 0.08802083333333334 0.6101851851851852 0.071875 0.1648148148148148
5 0.9908854166666666 0.8138888888888889 0.018229166666666668 0.1962962962962963
8 0.8994791666666667 0.8194444444444444 0.1078125 0.28888888888888886
15 0.02578125 0.8208333333333333 0.0515625 0.18981481481481483
13 0.9848958333333333 0.3138888888888889 0.030208333333333334 0.17777777777777778