11 0.42604166666666665 0.37962962962962965 0.09375 0.16666666666666666
13 0.5578125 0.39444444444444443 0.11666666666666667 0.2074074074074074
14 0.7083333333333334 0.39537037037037037 0.08541666666666667 0.15185185185185185
0 0.3807291666666667 0.562037037037037 0.10208333333333333 0.18333333333333332
10 0.7161458333333334 0.587037037037037 0.103125 0.18333333333333332
15 0.353125 0.7944444444444444 0.14479166666666668 0.2574074074074074
6 0.728125 0.8453703703703703 0.11666666666666667 0.2074074074074074
7 0.41510416666666666 0.20462962962962963 0.08333333333333333 0.14629629629629629
5 0.696875 0.23703703703703705 0.07395833333333333 0.12962962962962962
11 0.023177083333333334 0.37962962962962965 0.04635416666666667 0.17592592592592593
13 0.9755208333333333 0.39444444444444443 0.04895833333333333 0.18518518518518517
14 0.8541666666666666 0.39537037037037037 0.08333333333333333 0.15462962962962962
0 0.05677083333333333 0.562037037037037 0.10260416666666666 0.15925925925925927
10 0.8463541666666666 0.587037037037037 0.10677083333333333 0.15925925925925927
15 0.084375 0.7944444444444444 0.140625 0.262037037037037
6 0.834375 0.8453703703703703 0.10520833333333333 0.22592592592592592
7 0.03229166666666667 0.20416666666666666 0.06458333333333334 0.14166666666666666
5 0.865625 0.23703703703703705 0.0796875 0.11851851851851852