13 0.6005208333333333 0.3768518518518518 0.10208333333333333 0.1814814814814815
12 0.459375 0.3888888888888889 0.11041666666666666 0.1962962962962963
2 0.3203125 0.4 0.10416666666666667 0.18333333333333332
4 0.44635416666666666 0.5796296296296296 0.11875 0.20925925925925926
11 0.6260416666666667 0.5796296296296296 0.146875 0.1574074074074074
7 0.6239583333333333 0.7925925925925926 0.14270833333333333 0.2518518518518518
13 0.9518229166666666 0.3763888888888889 0.09635416666666667 0.15092592592592594
12 0.0140625 0.3888888888888889 0.028125 0.18703703703703703
2 0.1171875 0.4 0.09114583333333333 0.18055555555555555
4 0.0265625 0.5796296296296296 0.053125 0.15925925925925927
11 0.93203125 0.5791666666666667 0.1359375 0.15092592592592594
7 0.9247395833333333 0.7921296296296296 0.15052083333333333 0.15462962962962962