15 0.6317708333333333 0.25555555555555554 0.06666666666666667 0.12037037037037036
12 0.33125 0.3675925925925926 0.06875 0.12037037037037036
6 0.5151041666666667 0.5009259259259259 0.07395833333333333 0.13333333333333333
13 0.346875 0.5046296296296297 0.084375 0.15
2 0.6270833333333333 0.5064814814814815 0.11458333333333333 0.1425925925925926
9 0.4119791666666667 0.6453703703703704 0.11875 0.13518518518518519
0 0.58125 0.6648148148148149 0.09375 0.16666666666666666
14 0.4817708333333333 0.85 0.13020833333333334 0.23148148148148148
15 0.9307291666666667 0.25555555555555554 0.07552083333333333 0.09351851851851851
12 0.10625 0.3675925925925926 0.078125 0.0824074074074074
13 0.090625 0.5046296296296297 0.10520833333333333 0.10555555555555556
2 0.9354166666666667 0.5064814814814815 0.11041666666666666 0.13240740740740742
9 0.0421875 0.6449074074074074 0.084375 0.13240740740740742
0 0.9674479166666666 0.6643518518518519 0.06510416666666667 0.1638888888888889
14 0.015364583333333333 0.8495370370370371 0.030729166666666665 0.16944444444444445