8 0.44895833333333335 0.4462962962962963 0.06770833333333333 0.12037037037037036
11 0.5234375 0.4546296296296296 0.06458333333333334 0.11481481481481481
13 0.5901041666666667 0.46574074074074073 0.057291666666666664 0.10185185185185185
15 0.525 0.6064814814814815 0.0375 0.1425925925925926
12 0.3734375 0.6129629629629629 0.07708333333333334 0.13703703703703704
9 0.5901041666666667 0.6231481481481481 0.053125 0.09444444444444444
2 0.45364583333333336 0.6305555555555555 0.071875 0.12777777777777777
14 0.5927083333333333 0.7842592592592592 0.0625 0.15
1 0.5098958333333333 0.8083333333333333 0.08125 0.14444444444444443
5 0.37864583333333335 0.825 0.090625 0.16111111111111112
0 0.37604166666666666 0.27314814814814814 0.07395833333333333 0.13148148148148148
7 0.5828125 0.3055555555555556 0.05520833333333333 0.11851851851851852
8 0.007291666666666667 0.4462962962962963 0.014583333333333334 0.12777777777777777
13 0.9723958333333333 0.46574074074074073 0.04375 0.11944444444444445
12 0.0640625 0.6129629629629629 0.06458333333333334 0.15462962962962962
9 0.9723958333333333 0.6231481481481481 0.034895833333333334 0.12129629629629629
2 0.005989583333333334 0.6300925925925925 0.011979166666666667 0.14351851851851852
14 0.9697916666666667 0.7842592592592592 0.05520833333333333 0.14166666666666666
5 0.058854166666666666 0.825 0.09895833333333333 0.12777777777777777
0 0.06145833333333333 0.27314814814814814 0.05677083333333333 0.14629629629629629
7 0.9760416666666667 0.3055555555555556 0.04791666666666667 0.11851851851851852