8 0.44895833333333335 0.4462962962962963 0.06666666666666667 0.11851851851851852
11 0.5234375 0.4546296296296296 0.04583333333333333 0.14444444444444443
13 0.5901041666666667 0.46574074074074073 0.04375 0.12037037037037036
15 0.525 0.6064814814814815 0.058333333333333334 0.1037037037037037
12 0.3734375 0.6129629629629629 0.07604166666666666 0.13518518518518519
9 0.5901041666666667 0.6231481481481481 0.03958333333333333 0.12407407407407407
2 0.45364583333333336 0.6305555555555555 0.07291666666666667 0.12962962962962962
14 0.5927083333333333 0.7842592592592592 0.06458333333333334 0.15185185185185185
1 0.5098958333333333 0.8083333333333333 0.08333333333333333 0.14814814814814814
5 0.37864583333333335 0.825 0.09166666666666666 0.16296296296296298
0 0.37604166666666666 0.27314814814814814 0.071875 0.12777777777777777
7 0.5828125 0.3055555555555556 0.06041666666666667 0.1259259259259259
8 0.007291666666666667 0.4462962962962963 0.014583333333333334 0.12777777777777777
13 0.9723958333333333 0.46574074074074073 0.04375 0.11944444444444445
12 0.0640625 0.6129629629629629 0.06458333333333334 0.15462962962962962
9 0.9723958333333333 0.6231481481481481 0.034895833333333334 0.12129629629629629
2 0.005989583333333334 0.6300925925925925 0.011979166666666667 0.14351851851851852
14 0.9697916666666667 0.7842592592592592 0.05520833333333333 0.14166666666666666
5 0.058854166666666666 0.825 0.09895833333333333 0.12777777777777777
0 0.06145833333333333 0.27314814814814814 0.05677083333333333 0.14629629629629629
7 0.9760416666666667 0.3055555555555556 0.04791666666666667 0.11851851851851852