9 0.6510416666666666 0.4351851851851852 0.075 0.16666666666666666
1 0.5552083333333333 0.4703703703703704 0.09583333333333334 0.1685185185185185
8 0.4630208333333333 0.487962962962963 0.09479166666666666 0.17037037037037037
12 0.3640625 0.5194444444444445 0.08645833333333333 0.1537037037037037
14 0.6895833333333333 0.6268518518518519 0.07708333333333334 0.17592592592592593
2 0.48020833333333335 0.7129629629629629 0.09791666666666667 0.19814814814814816
14 0.35208333333333336 0.7416666666666667 0.11666666666666667 0.20925925925925926
7 0.603125 0.1675925925925926 0.06145833333333333 0.10185185185185185
15 0.5307291666666667 0.2490740740740741 0.078125 0.1388888888888889
13 0.6145833333333334 0.2935185185185185 0.07083333333333333 0.1259259259259259
11 0.45364583333333336 0.31666666666666665 0.07083333333333333 0.14074074074074075
0 0.35885416666666664 0.325 0.08958333333333333 0.15925925925925927
9 0.9114583333333334 0.4351851851851852 0.06458333333333334 0.15555555555555556
1 0.98203125 0.4703703703703704 0.0359375 0.17592592592592593
12 0.0734375 0.5194444444444445 0.09010416666666667 0.14444444444444443
14 0.8729166666666667 0.6268518518518519 0.07708333333333334 0.17592592592592593
14 0.08541666666666667 0.7416666666666667 0.1015625 0.2
7 0.959375 0.1675925925925926 0.05677083333333333 0.09166666666666666
13 0.9479166666666666 0.2935185185185185 0.07291666666666667 0.11851851851851852
11 0.00859375 0.31666666666666665 0.0171875 0.13703703703703704
0 0.07864583333333333 0.325 0.07291666666666667 0.17592592592592593