9 0.3958333333333333 0.4398148148148148 0.10833333333333334 0.19444444444444445
4 0.6244791666666667 0.5092592592592593 0.11770833333333333 0.2074074074074074
8 0.5026041666666666 0.5666666666666667 0.109375 0.1962962962962963
13 0.3171875 0.6138888888888889 0.12604166666666666 0.22407407407407406
0 0.7151041666666667 0.7518518518518519 0.13020833333333334 0.23148148148148148
3 0.5703125 0.8166666666666667 0.11979166666666667 0.21296296296296297
15 0.4453125 0.8324074074074074 0.13229166666666667 0.2351851851851852
7 0.3109375 0.8796296296296297 0.12291666666666666 0.2222222222222222
5 0.59375 0.08981481481481482 0.09479166666666666 0.1685185185185185
2 0.49583333333333335 0.1 0.07604166666666666 0.13333333333333333
14 0.4078125 0.2222222222222222 0.1 0.17777777777777778
1 0.515625 0.28888888888888886 0.07291666666666667 0.19074074074074074
9 0.04583333333333333 0.4398148148148148 0.09166666666666666 0.17962962962962964
4 0.9380208333333333 0.5092592592592593 0.10520833333333333 0.2
13 0.1203125 0.6138888888888889 0.09479166666666666 0.2712962962962963
0 0.8473958333333333 0.7518518518518519 0.10520833333333333 0.2388888888888889
3 0.9697916666666667 0.8162037037037037 0.06041666666666667 0.23055555555555557
15 0.01796875 0.8319444444444445 0.0359375 0.2898148148148148
7 0.1265625 0.8796296296296297 0.1125 0.20462962962962963
5 0.9658854166666667 0.08981481481481482 0.06822916666666666 0.17962962962962964
14 0.03515625 0.22175925925925927 0.0703125 0.19166666666666668