9 0.3958333333333333 0.4398148148148148 0.10520833333333333 0.18703703703703703
4 0.6244791666666667 0.5092592592592593 0.115625 0.2037037037037037
8 0.5026041666666666 0.5675925925925925 0.08854166666666667 0.21481481481481482
13 0.3171875 0.6138888888888889 0.1 0.2777777777777778
0 0.7151041666666667 0.7518518518518519 0.12708333333333333 0.22592592592592592
3 0.5703125 0.8166666666666667 0.12395833333333334 0.22037037037037038
15 0.4453125 0.8324074074074074 0.13645833333333332 0.24074074074074073
7 0.3109375 0.8796296296296297 0.12083333333333333 0.21851851851851853
5 0.5934895833333333 0.09166666666666666 0.08072916666666667 0.18333333333333332
2 0.49583333333333335 0.1 0.06979166666666667 0.14074074074074075
14 0.4078125 0.2222222222222222 0.10520833333333333 0.18703703703703703
1 0.515625 0.28888888888888886 0.09583333333333334 0.17222222222222222
9 0.04583333333333333 0.4398148148148148 0.09166666666666666 0.17962962962962964
4 0.9380208333333333 0.5092592592592593 0.10520833333333333 0.2
13 0.1203125 0.6138888888888889 0.09479166666666666 0.2712962962962963
0 0.8473958333333333 0.7518518518518519 0.10520833333333333 0.2388888888888889
3 0.9697916666666667 0.8162037037037037 0.06041666666666667 0.23055555555555557
15 0.01796875 0.8319444444444445 0.0359375 0.2898148148148148
7 0.1265625 0.8796296296296297 0.1125 0.20462962962962963
5 0.9658854166666667 0.08981481481481482 0.06822916666666666 0.17962962962962964
14 0.03515625 0.22175925925925927 0.0703125 0.19166666666666668