8 0.4734375 0.34444444444444444 0.0453125 0.14814814814814814
12 0.3875 0.3907407407407407 0.084375 0.14166666666666666
6 0.6484375 0.4 0.0578125 0.13703703703703704
3 0.5864583333333333 0.4722222222222222 0.05677083333333333 0.15462962962962962
1 0.5104166666666666 0.5148148148148148 0.084375 0.13703703703703704
10 0.7036458333333333 0.5824074074074074 0.0578125 0.15555555555555556
4 0.4192708333333333 0.5842592592592593 0.07083333333333333 0.16944444444444445
15 0.628125 0.6388888888888888 0.0640625 0.18981481481481483
14 0.6265625 0.6518518518518519 0.07447916666666667 0.15092592592592594
2 0.553125 0.700925925925926 0.0640625 0.20925925925925926
5 0.45364583333333336 0.8083333333333333 0.109375 0.20092592592592592
7 0.578125 0.12314814814814815 0.059375 0.12129629629629629
15 0.5114583333333333 0.16111111111111112 0.06197916666666667 0.15462962962962962
11 0.44635416666666666 0.1814814814814815 0.06666666666666667 0.15462962962962962
0 0.3651041666666667 0.20925925925925926 0.06822916666666666 0.15
13 0.6114583333333333 0.25 0.04635416666666667 0.11851851851851852
9 0.5463541666666667 0.30833333333333335 0.04895833333333333 0.14166666666666666
12 0.05 0.3907407407407407 0.084375 0.14166666666666666
6 0.9140625 0.4 0.0578125 0.13703703703703704
3 0.9736979166666667 0.47175925925925927 0.05260416666666667 0.15462962962962962
10 0.8588541666666667 0.5824074074074074 0.0578125 0.15555555555555556
4 0.026822916666666665 0.5837962962962963 0.05364583333333333 0.16944444444444445
15 0.934375 0.6388888888888888 0.0640625 0.18981481481481483
14 0.9359375 0.6518518518518519 0.07447916666666667 0.15092592592592594
2 0.9885416666666667 0.700925925925926 0.022916666666666665 0.20925925925925926
5 0.019270833333333334 0.8078703703703703 0.03854166666666667 0.20092592592592592
7 0.97734375 0.12268518518518519 0.0453125 0.12129629629629629
11 0.012239583333333333 0.18101851851851852 0.024479166666666666 0.15462962962962962
0 0.07239583333333334 0.20925925925925926 0.06822916666666666 0.15
13 0.9510416666666667 0.25 0.04635416666666667 0.11851851851851852