8 0.4739583333333333 0.3453703703703704 0.06458333333333334 0.11481481481481481
12 0.3875 0.3907407407407407 0.08645833333333333 0.1537037037037037
6 0.6484375 0.4 0.06979166666666667 0.12407407407407407
3 0.5864583333333333 0.4722222222222222 0.059375 0.15925925925925927
1 0.5104166666666666 0.5148148148148148 0.0875 0.15555555555555556
10 0.7036458333333333 0.5824074074074074 0.06041666666666667 0.15925925925925927
4 0.4192708333333333 0.5842592592592593 0.090625 0.16296296296296298
15 0.6286458333333333 0.6388888888888888 0.08854166666666667 0.1574074074074074
14 0.6265625 0.6518518518518519 0.084375 0.14814814814814814
2 0.5536458333333333 0.700925925925926 0.096875 0.17222222222222222
5 0.45364583333333336 0.8083333333333333 0.121875 0.21666666666666667
7 0.578125 0.12407407407407407 0.06666666666666667 0.11851851851851852
15 0.5114583333333333 0.16111111111111112 0.07708333333333334 0.13703703703703704
11 0.44635416666666666 0.1814814814814815 0.08229166666666667 0.14629629629629629
0 0.365625 0.20925925925925926 0.07916666666666666 0.1388888888888889
13 0.6119791666666666 0.25 0.058333333333333334 0.1037037037037037
9 0.5463541666666667 0.30833333333333335 0.057291666666666664 0.15
12 0.05 0.3907407407407407 0.084375 0.14166666666666666
6 0.9140625 0.4 0.0578125 0.13703703703703704
3 0.9736979166666667 0.47175925925925927 0.05260416666666667 0.15462962962962962
10 0.8588541666666667 0.5824074074074074 0.0578125 0.15555555555555556
4 0.026822916666666665 0.5837962962962963 0.05364583333333333 0.16944444444444445
15 0.9338541666666667 0.6388888888888888 0.0640625 0.18981481481481483
14 0.9359375 0.6518518518518519 0.07447916666666667 0.15092592592592594
2 0.98828125 0.700925925925926 0.0234375 0.20925925925925926
5 0.019270833333333334 0.8078703703703703 0.03854166666666667 0.20092592592592592
7 0.97734375 0.12361111111111112 0.0453125 0.11944444444444445
11 0.012239583333333333 0.18101851851851852 0.024479166666666666 0.15462962962962962
0 0.071875 0.20925925925925926 0.0671875 0.15
13 0.9505208333333334 0.25 0.04635416666666667 0.11851851851851852