8 0.47708333333333336 0.387037037037037 0.04895833333333333 0.15185185185185185
12 0.4161458333333333 0.3962962962962963 0.05625 0.1537037037037037
9 0.5213541666666667 0.4 0.06979166666666667 0.12407407407407407
13 0.58125 0.4046296296296296 0.059375 0.13148148148148148
1 0.4765625 0.5296296296296297 0.06458333333333334 0.11481481481481481
6 0.5911458333333334 0.5296296296296297 0.059375 0.14074074074074075
3 0.5302083333333333 0.5342592592592592 0.06666666666666667 0.11851851851851852
4 0.4109375 0.5444444444444444 0.042708333333333334 0.1259259259259259
14 0.53125 0.6805555555555556 0.075 0.13333333333333333
2 0.48072916666666665 0.6805555555555556 0.057291666666666664 0.10185185185185185
10 0.5854166666666667 0.6814814814814815 0.071875 0.1259259259259259
5 0.41302083333333334 0.6953703703703704 0.07916666666666666 0.1388888888888889
0 0.4171875 0.23981481481481481 0.052083333333333336 0.09259259259259259
11 0.4661458333333333 0.2537037037037037 0.057291666666666664 0.1
7 0.5927083333333333 0.25925925925925924 0.06666666666666667 0.11851851851851852
15 0.5270833333333333 0.2675925925925926 0.06145833333333333 0.10925925925925926
12 0.023697916666666666 0.3962962962962963 0.04739583333333333 0.15
13 0.9770833333333333 0.4041666666666667 0.04583333333333333 0.125
6 0.9713541666666666 0.5296296296296297 0.05260416666666667 0.13240740740740742
4 0.0265625 0.5444444444444444 0.0421875 0.125
10 0.9721354166666667 0.6810185185185185 0.05572916666666667 0.13240740740740742
5 0.028125 0.6949074074074074 0.05625 0.1638888888888889
0 0.0203125 0.23981481481481481 0.0296875 0.12129629629629629
7 0.9697916666666667 0.25925925925925924 0.0421875 0.14166666666666666