8 0.47708333333333336 0.387037037037037 0.0625 0.1111111111111111
12 0.4161458333333333 0.3962962962962963 0.07395833333333333 0.13333333333333333
9 0.5213541666666667 0.4 0.07083333333333333 0.1259259259259259
13 0.58125 0.4046296296296296 0.05520833333333333 0.1259259259259259
1 0.47604166666666664 0.5296296296296297 0.06666666666666667 0.11851851851851852
6 0.5911458333333334 0.5296296296296297 0.06770833333333333 0.12037037037037036
3 0.5302083333333333 0.5342592592592592 0.07083333333333333 0.1259259259259259
4 0.4109375 0.5444444444444444 0.058333333333333334 0.1037037037037037
14 0.53125 0.6805555555555556 0.07708333333333334 0.13703703703703704
2 0.48072916666666665 0.6805555555555556 0.05625 0.1
10 0.5848958333333333 0.6805555555555556 0.075 0.13333333333333333
5 0.41302083333333334 0.6953703703703704 0.08333333333333333 0.14814814814814814
0 0.4171875 0.23981481481481481 0.04895833333333333 0.08703703703703704
11 0.4661458333333333 0.2537037037037037 0.059375 0.10555555555555556
7 0.5927083333333333 0.25925925925925924 0.046875 0.14444444444444443
15 0.5270833333333333 0.2675925925925926 0.059375 0.10555555555555556
12 0.023697916666666666 0.3962962962962963 0.04739583333333333 0.15
13 0.9770833333333333 0.4041666666666667 0.04583333333333333 0.125
6 0.9713541666666666 0.5296296296296297 0.05260416666666667 0.13240740740740742
4 0.0265625 0.5444444444444444 0.0421875 0.125
10 0.9723958333333333 0.6800925925925926 0.05520833333333333 0.13240740740740742
5 0.028125 0.6949074074074074 0.05625 0.1638888888888889
0 0.0203125 0.23981481481481481 0.0296875 0.12129629629629629
7 0.9697916666666667 0.25925925925925924 0.0421875 0.14166666666666666