12 0.30520833333333336 0.35 0.128125 0.2796296296296296
8 0.428125 0.37962962962962965 0.12916666666666668 0.22962962962962963
13 0.653125 0.3861111111111111 0.11041666666666666 0.1962962962962963
9 0.5447916666666667 0.4009259259259259 0.09166666666666666 0.2722222222222222
4 0.2947916666666667 0.6518518518518519 0.13958333333333334 0.24814814814814815
15 0.6671875 0.662962962962963 0.08958333333333333 0.2388888888888889
3 0.5505208333333333 0.6657407407407407 0.11041666666666666 0.1962962962962963
1 0.4348958333333333 0.6694444444444444 0.14375 0.25555555555555554
5 0.29401041666666666 0.8925925925925926 0.12239583333333333 0.21481481481481482
14 0.5536458333333333 0.9 0.10833333333333334 0.1925925925925926
10 0.6684895833333333 0.8958333333333334 0.12239583333333333 0.20833333333333334
2 0.4278645833333333 0.9087962962962963 0.10885416666666667 0.1824074074074074
0 0.3067708333333333 0.09722222222222222 0.11145833333333334 0.19444444444444445
11 0.42473958333333334 0.11805555555555555 0.11614583333333334 0.2361111111111111
15 0.5484375 0.14351851851851852 0.09166666666666666 0.24074074074074073
7 0.6614583333333334 0.14907407407407408 0.09583333333333334 0.2111111111111111
12 0.13229166666666667 0.35 0.121875 0.26944444444444443
8 0.027083333333333334 0.37916666666666665 0.05416666666666667 0.275
13 0.909375 0.3861111111111111 0.0796875 0.2388888888888889
9 0.9895833333333334 0.40046296296296297 0.020833333333333332 0.262037037037037
4 0.14270833333333333 0.6518518518518519 0.12447916666666667 0.25462962962962965
15 0.8953125 0.662962962962963 0.08697916666666666 0.2351851851851852
3 0.9872395833333333 0.6657407407407407 0.025520833333333333 0.22592592592592592
1 0.029427083333333333 0.6694444444444444 0.058854166666666666 0.25925925925925924
5 0.14322916666666666 0.8944444444444445 0.12447916666666667 0.18703703703703703
14 0.98046875 0.899537037037037 0.0390625 0.18981481481481483
10 0.89375 0.9009259259259259 0.11927083333333334 0.18703703703703703
2 0.031510416666666666 0.9087962962962963 0.06302083333333333 0.18055555555555555
0 0.12994791666666666 0.09537037037037037 0.10677083333333333 0.19074074074074074
11 0.0328125 0.11481481481481481 0.065625 0.22962962962962963
15 0.984375 0.14305555555555555 0.03125 0.23981481481481481
7 0.9010416666666666 0.14907407407407408 0.0921875 0.20462962962962963