12 0.30520833333333336 0.35 0.14375 0.25555555555555554
8 0.428125 0.37962962962962965 0.13020833333333334 0.23148148148148148
13 0.653125 0.3861111111111111 0.1125 0.2
9 0.5447916666666667 0.4009259259259259 0.08125 0.26481481481481484
4 0.2947916666666667 0.6518518518518519 0.13229166666666667 0.26666666666666666
15 0.6671875 0.662962962962963 0.11354166666666667 0.2
3 0.5505208333333333 0.6657407407407407 0.10416666666666667 0.18518518518518517
1 0.4348958333333333 0.6694444444444444 0.13333333333333333 0.23703703703703705
5 0.2942708333333333 0.8944444444444445 0.13020833333333334 0.20185185185185187
14 0.5536458333333333 0.9 0.10208333333333333 0.1814814814814815
10 0.6684895833333333 0.8981481481481481 0.12864583333333332 0.2037037037037037
2 0.4276041666666667 0.9055555555555556 0.109375 0.18888888888888888
0 0.3067708333333333 0.1 0.11770833333333333 0.2
11 0.42473958333333334 0.11481481481481481 0.12239583333333333 0.21666666666666667
15 0.5484375 0.14351851851851852 0.11770833333333333 0.20925925925925926
7 0.6614583333333334 0.14907407407407408 0.109375 0.1925925925925926
12 0.13229166666666667 0.35 0.121875 0.26944444444444443
8 0.027083333333333334 0.37916666666666665 0.05416666666666667 0.275
13 0.909375 0.3861111111111111 0.0796875 0.2388888888888889
9 0.9895833333333334 0.40046296296296297 0.020833333333333332 0.262037037037037
4 0.14270833333333333 0.6518518518518519 0.12447916666666667 0.25462962962962965
15 0.8953125 0.662962962962963 0.08697916666666666 0.2351851851851852
3 0.9872395833333333 0.6657407407407407 0.025520833333333333 0.22592592592592592
1 0.029427083333333333 0.6694444444444444 0.058854166666666666 0.25925925925925924
5 0.14322916666666666 0.8944444444444445 0.12447916666666667 0.18703703703703703
14 0.98046875 0.899537037037037 0.0390625 0.18981481481481483
10 0.89375 0.9009259259259259 0.11927083333333334 0.18703703703703703
2 0.031510416666666666 0.9087962962962963 0.06302083333333333 0.18055555555555555
0 0.12994791666666666 0.09537037037037037 0.10677083333333333 0.19074074074074074
11 0.0328125 0.11481481481481481 0.065625 0.22962962962962963
15 0.984375 0.14305555555555555 0.03125 0.23981481481481481
7 0.9010416666666666 0.14907407407407408 0.0921875 0.20462962962962963