3 0.5046875 0.3111111111111111 0.07708333333333334 0.13703703703703704
15 0.6296875 0.3148148148148148 0.07916666666666666 0.14074074074074075
8 0.28541666666666665 0.3296296296296296 0.071875 0.12777777777777777
12 0.32447916666666665 0.46111111111111114 0.075 0.13333333333333333
7 0.453125 0.4740740740740741 0.09791666666666667 0.12777777777777777
4 0.7010416666666667 0.475 0.075 0.13148148148148148
13 0.38125 0.5981481481481481 0.08645833333333333 0.1537037037037037
2 0.6338541666666667 0.6092592592592593 0.078125 0.1259259259259259
9 0.4322916666666667 0.7444444444444445 0.07916666666666666 0.1388888888888889
0 0.5765625 0.7638888888888888 0.09375 0.16666666666666666
14 0.5010416666666667 0.8898148148148148 0.10833333333333334 0.1925925925925926
15 0.9328125 0.3148148148148148 0.07708333333333334 0.11666666666666667
8 0.15208333333333332 0.3296296296296296 0.071875 0.125
12 0.11302083333333333 0.46111111111111114 0.09010416666666667 0.09166666666666666
7 0.015364583333333333 0.4736111111111111 0.030729166666666665 0.11018518518518519
4 0.8614583333333333 0.475 0.09479166666666666 0.08888888888888889
13 0.05625 0.5981481481481481 0.09114583333333333 0.11481481481481481
2 0.9286458333333333 0.6092592592592593 0.07447916666666667 0.11944444444444445
9 0.02578125 0.7439814814814815 0.0515625 0.11388888888888889
0 0.965625 0.7638888888888888 0.06875 0.12777777777777777