12 0.6546875 0.3351851851851852 0.0875 0.13703703703703704
13 0.5171875 0.33611111111111114 0.10520833333333333 0.1388888888888889
9 0.40520833333333334 0.33796296296296297 0.078125 0.15092592592592594
14 0.2984375 0.35 0.09270833333333334 0.11481481481481481
0 0.3463541666666667 0.462037037037037 0.09739583333333333 0.10555555555555556
7 0.5859375 0.46574074074074073 0.08958333333333333 0.11944444444444445
11 0.7010416666666667 0.4685185185185185 0.08958333333333333 0.13703703703703704
6 0.4713541666666667 0.4722222222222222 0.08489583333333334 0.10740740740740741
1 0.5119791666666667 0.5916666666666667 0.10677083333333333 0.15
2 0.39791666666666664 0.6046296296296296 0.10677083333333333 0.11018518518518519
3 0.6557291666666667 0.6092592592592593 0.11822916666666666 0.12962962962962962
4 0.44895833333333335 0.7509259259259259 0.1125 0.13425925925925927
15 0.58125 0.7555555555555555 0.1140625 0.14629629629629629
12 0.9078125 0.3351851851851852 0.0875 0.13703703703703704
9 0.03567708333333333 0.3375 0.07135416666666666 0.15092592592592594
14 0.1390625 0.35 0.09270833333333334 0.11481481481481481
0 0.09114583333333333 0.462037037037037 0.09739583333333333 0.10555555555555556
7 0.9658854166666667 0.4652777777777778 0.06822916666666666 0.11944444444444445
11 0.8614583333333333 0.4685185185185185 0.08958333333333333 0.13703703703703704
2 0.04635416666666667 0.6041666666666666 0.09270833333333334 0.11018518518518519
3 0.9067708333333333 0.6092592592592593 0.11822916666666666 0.12962962962962962
4 0.022395833333333334 0.750462962962963 0.04479166666666667 0.13425925925925927
15 0.9619791666666667 0.7555555555555555 0.07604166666666666 0.14629629629629629