14 0.28072916666666664 0.33240740740740743 0.09375 0.15185185185185185
9 0.39739583333333334 0.33796296296296297 0.10208333333333333 0.18333333333333332
13 0.5182291666666666 0.34074074074074073 0.09791666666666667 0.15925925925925927
8 0.7057291666666666 0.46111111111111114 0.08854166666666667 0.15555555555555556
12 0.5671875 0.4759259259259259 0.0875 0.14444444444444443
0 0.3307291666666667 0.4824074074074074 0.12291666666666666 0.14629629629629629
6 0.4630208333333333 0.5416666666666666 0.09375 0.16666666666666666
11 0.6302083333333334 0.6074074074074074 0.11666666666666667 0.2074074074074074
2 0.4390625 0.712037037037037 0.11041666666666666 0.1962962962962963
7 0.58125 0.7462962962962963 0.11354166666666667 0.2222222222222222
3 0.5265625 0.8916666666666667 0.13125 0.21666666666666667
14 0.15677083333333333 0.33240740740740743 0.08958333333333333 0.14166666666666666
9 0.045572916666666664 0.33796296296296297 0.09114583333333333 0.1574074074074074
8 0.8567708333333334 0.46111111111111114 0.0953125 0.14444444444444443
12 0.9768229166666667 0.4759259259259259 0.04635416666666667 0.13703703703703704
0 0.10677083333333333 0.4824074074074074 0.11666666666666667 0.125
6 0.011458333333333333 0.5412037037037037 0.022916666666666665 0.13425925925925927
11 0.9299479166666667 0.6074074074074074 0.14010416666666667 0.13703703703703704
2 0.028645833333333332 0.712037037037037 0.057291666666666664 0.1685185185185185
7 0.9643229166666667 0.7462962962962963 0.07135416666666666 0.20925925925925926
3 0.975 0.9004629629629629 0.05 0.15462962962962962