14 0.28072916666666664 0.3333333333333333 0.08854166666666667 0.1574074074074074
9 0.396875 0.337037037037037 0.09791666666666667 0.17407407407407408
13 0.51875 0.34074074074074073 0.09583333333333334 0.17037037037037037
8 0.7057291666666666 0.46111111111111114 0.09791666666666667 0.17222222222222222
12 0.5671875 0.4759259259259259 0.09166666666666666 0.15185185185185185
0 0.3307291666666667 0.4824074074074074 0.11770833333333333 0.12777777777777777
6 0.4630208333333333 0.5416666666666666 0.09791666666666667 0.13703703703703704
11 0.6302083333333334 0.6074074074074074 0.15104166666666666 0.15925925925925927
2 0.4395833333333333 0.712037037037037 0.1125 0.20185185185185187
7 0.58125 0.7462962962962963 0.12291666666666666 0.21851851851851853
3 0.5270833333333333 0.9009259259259259 0.17916666666666667 0.19074074074074074
14 0.15677083333333333 0.3333333333333333 0.08958333333333333 0.14166666666666666
9 0.04609375 0.337037037037037 0.0921875 0.15555555555555556
8 0.8567708333333334 0.46111111111111114 0.0953125 0.14444444444444443
12 0.9768229166666667 0.4759259259259259 0.04635416666666667 0.13703703703703704
0 0.10677083333333333 0.4824074074074074 0.11666666666666667 0.125
6 0.011458333333333333 0.5412037037037037 0.022916666666666665 0.13425925925925927
11 0.9299479166666667 0.6074074074074074 0.14010416666666667 0.13703703703703704
2 0.028385416666666666 0.712037037037037 0.05677083333333333 0.1685185185185185
7 0.9643229166666667 0.7462962962962963 0.07135416666666666 0.20925925925925926
3 0.975 0.9004629629629629 0.05 0.15462962962962962