14 0.28072916666666664 0.3333333333333333 0.09375 0.15
9 0.39739583333333334 0.33796296296296297 0.10520833333333333 0.16111111111111112
13 0.51875 0.34074074074074073 0.09583333333333334 0.17037037037037037
8 0.7057291666666666 0.46111111111111114 0.09895833333333333 0.15185185185185185
12 0.5677083333333334 0.4759259259259259 0.08958333333333333 0.14814814814814814
0 0.3307291666666667 0.4824074074074074 0.096875 0.17222222222222222
6 0.4630208333333333 0.5416666666666666 0.08958333333333333 0.15925925925925927
11 0.6302083333333334 0.6074074074074074 0.15208333333333332 0.16296296296296298
2 0.4395833333333333 0.712037037037037 0.10625 0.19074074074074074
7 0.58125 0.7462962962962963 0.11666666666666667 0.22777777777777777
3 0.5270833333333333 0.8912037037037037 0.13333333333333333 0.2175925925925926
14 0.15677083333333333 0.3333333333333333 0.08958333333333333 0.14166666666666666
9 0.045572916666666664 0.33796296296296297 0.09114583333333333 0.1574074074074074
8 0.8567708333333334 0.46111111111111114 0.0953125 0.14444444444444443
12 0.9765625 0.4759259259259259 0.046875 0.13703703703703704
0 0.10677083333333333 0.4824074074074074 0.11666666666666667 0.125
6 0.011458333333333333 0.5412037037037037 0.022916666666666665 0.13425925925925927
11 0.9299479166666667 0.6074074074074074 0.14010416666666667 0.13703703703703704
2 0.028385416666666666 0.712037037037037 0.05677083333333333 0.1685185185185185
7 0.9643229166666667 0.7462962962962963 0.07135416666666666 0.20925925925925926
3 0.975 0.9013888888888889 0.05 0.15462962962962962