14 0.28072916666666664 0.3333333333333333 0.08645833333333333 0.1537037037037037
9 0.396875 0.337037037037037 0.10208333333333333 0.1814814814814815
13 0.51875 0.34074074074074073 0.09895833333333333 0.16296296296296298
8 0.7057291666666666 0.46111111111111114 0.09166666666666666 0.16296296296296298
12 0.5671875 0.4759259259259259 0.084375 0.1388888888888889
0 0.3307291666666667 0.4824074074074074 0.10104166666666667 0.1814814814814815
6 0.4630208333333333 0.5416666666666666 0.09270833333333334 0.1648148148148148
11 0.6302083333333334 0.6074074074074074 0.146875 0.14444444444444443
2 0.4395833333333333 0.712037037037037 0.12083333333333333 0.17407407407407408
7 0.58125 0.7462962962962963 0.11458333333333333 0.2037037037037037
3 0.5265625 0.8907407407407407 0.13333333333333333 0.21851851851851853
14 0.15677083333333333 0.3333333333333333 0.08958333333333333 0.14166666666666666
9 0.04609375 0.337037037037037 0.0921875 0.15555555555555556
8 0.8567708333333334 0.46111111111111114 0.0953125 0.14444444444444443
12 0.9768229166666667 0.4759259259259259 0.04635416666666667 0.13703703703703704
0 0.10677083333333333 0.4824074074074074 0.11666666666666667 0.125
6 0.011458333333333333 0.5412037037037037 0.022916666666666665 0.13425925925925927
11 0.9299479166666667 0.6074074074074074 0.14010416666666667 0.13703703703703704
2 0.028385416666666666 0.712037037037037 0.05677083333333333 0.1685185185185185
7 0.9643229166666667 0.7462962962962963 0.07135416666666666 0.20925925925925926
3 0.975 0.9004629629629629 0.05 0.15462962962962962