14 0.2989583333333333 0.32592592592592595 0.0875 0.15555555555555556
9 0.4609375 0.4212962962962963 0.08125 0.17407407407407408
0 0.34427083333333336 0.45092592592592595 0.09583333333333334 0.17037037037037037
8 0.7135416666666666 0.46111111111111114 0.11145833333333334 0.16666666666666666
13 0.5671875 0.4703703703703704 0.09791666666666667 0.17592592592592593
12 0.5072916666666667 0.5796296296296296 0.08854166666666667 0.1574074074074074
7 0.37604166666666666 0.5907407407407408 0.09583333333333334 0.1685185185185185
11 0.6369791666666667 0.6 0.109375 0.1925925925925926
6 0.42604166666666665 0.7388888888888889 0.14166666666666666 0.17037037037037037
2 0.5796875 0.7407407407407407 0.10729166666666666 0.19074074074074074
3 0.5184895833333333 0.9027777777777778 0.1796875 0.19444444444444445
14 0.13854166666666667 0.32592592592592595 0.0953125 0.13703703703703704
0 0.09322916666666667 0.45092592592592595 0.11770833333333333 0.10277777777777777
8 0.8489583333333334 0.46111111111111114 0.10677083333333333 0.15462962962962962
13 0.9708333333333333 0.4699074074074074 0.058333333333333334 0.14166666666666666
7 0.06145833333333333 0.5907407407407408 0.09270833333333334 0.15092592592592594
11 0.9255208333333333 0.6 0.14739583333333334 0.11666666666666667
6 0.039322916666666666 0.7388888888888889 0.07864583333333333 0.15
2 0.9614583333333333 0.7402777777777778 0.07708333333333334 0.1638888888888889
3 0.97890625 0.9101851851851852 0.0421875 0.17777777777777778