5 0.7255208333333333 0.3296296296296296 0.10208333333333333 0.1814814814814815
1 0.628125 0.337037037037037 0.08229166666666667 0.14629629629629629
8 0.43697916666666664 0.35462962962962963 0.08645833333333333 0.1537037037037037
9 0.5447916666666667 0.3574074074074074 0.1 0.17777777777777778
13 0.33489583333333334 0.36666666666666664 0.11458333333333333 0.2037037037037037
11 0.25 0.3685185185185185 0.084375 0.15
0 0.6932291666666667 0.48518518518518516 0.11666666666666667 0.13148148148148148
4 0.5651041666666666 0.49907407407407406 0.10104166666666667 0.17962962962962964
6 0.45260416666666664 0.5138888888888888 0.08125 0.14444444444444443
7 0.3265625 0.5185185185185185 0.10104166666666667 0.17962962962962964
3 0.6348958333333333 0.6203703703703703 0.10416666666666667 0.1259259259259259
10 0.5203125 0.6444444444444445 0.09166666666666666 0.16296296296296298
12 0.3921875 0.6555555555555556 0.11666666666666667 0.20555555555555555
14 0.5979166666666667 0.75 0.115625 0.16666666666666666
2 0.471875 0.7796296296296297 0.09791666666666667 0.12222222222222222
15 0.5463541666666667 0.9166666666666666 0.13958333333333334 0.15185185185185185
5 0.8369791666666667 0.3296296296296296 0.11041666666666666 0.14814814814814814
1 0.934375 0.337037037037037 0.0703125 0.15925925925925927
8 0.020572916666666666 0.3541666666666667 0.04114583333333333 0.15462962962962962
9 0.9888020833333333 0.35694444444444445 0.022395833333333334 0.18055555555555555
13 0.10260416666666666 0.36666666666666664 0.11302083333333333 0.1685185185185185
11 0.1875 0.3685185185185185 0.0578125 0.16944444444444445
0 0.8692708333333333 0.48518518518518516 0.11302083333333333 0.12129629629629629
4 0.9716145833333333 0.4986111111111111 0.05677083333333333 0.13240740740740742
6 0.016666666666666666 0.5138888888888888 0.03333333333333333 0.11481481481481481
7 0.1109375 0.5185185185185185 0.11770833333333333 0.12777777777777777
3 0.9276041666666667 0.6203703703703703 0.10260416666666666 0.12314814814814815
12 0.05625 0.6550925925925926 0.1125 0.13240740740740742
14 0.9549479166666667 0.75 0.09010416666666667 0.15
15 0.97421875 0.9162037037037037 0.0515625 0.13425925925925927