9 0.3125 0.33425925925925926 0.15208333333333332 0.40185185185185185
6 0.6578125 0.5212962962962963 0.12708333333333333 0.22407407407407406
4 0.5692708333333333 0.6694444444444444 0.13125 0.3074074074074074
13 0.7026041666666667 0.8611111111111112 0.115625 0.20555555555555555
5 0.6002604166666666 0.9106481481481481 0.10260416666666666 0.1787037037037037
3 0.5674479166666667 0.15601851851851853 0.13489583333333333 0.31203703703703706
14 0.43125 0.15648148148148147 0.15520833333333334 0.2777777777777778
9 0.125 0.33425925925925926 0.14583333333333334 0.3962962962962963
6 0.9046875 0.5212962962962963 0.07447916666666667 0.275
4 0.9653645833333333 0.6694444444444444 0.06927083333333334 0.29814814814814816
13 0.8598958333333333 0.8611111111111112 0.07864583333333333 0.2388888888888889
5 0.9536458333333333 0.9125 0.09270833333333334 0.16944444444444445
3 0.9684895833333333 0.15092592592592594 0.06302083333333333 0.30185185185185187
14 0.033854166666666664 0.15648148148148147 0.06770833333333333 0.2796296296296296