9 0.3125 0.33425925925925926 0.19166666666666668 0.34074074074074073
6 0.6578125 0.5212962962962963 0.11458333333333333 0.2037037037037037
4 0.5692708333333333 0.6694444444444444 0.13645833333333332 0.31296296296296294
13 0.7026041666666667 0.8611111111111112 0.08958333333333333 0.24814814814814815
5 0.6 0.9083333333333333 0.10729166666666666 0.18333333333333332
3 0.5671875 0.1537037037037037 0.125 0.3074074074074074
14 0.43125 0.15648148148148147 0.12916666666666668 0.28888888888888886
9 0.125 0.33425925925925926 0.14583333333333334 0.3962962962962963
6 0.9046875 0.5212962962962963 0.07447916666666667 0.275
4 0.9653645833333333 0.6694444444444444 0.06927083333333334 0.29814814814814816
13 0.8598958333333333 0.8611111111111112 0.07864583333333333 0.2388888888888889
5 0.9536458333333333 0.9125 0.09270833333333334 0.16944444444444445
3 0.9684895833333333 0.15092592592592594 0.06302083333333333 0.30185185185185187
14 0.033854166666666664 0.15648148148148147 0.06770833333333333 0.2796296296296296