9 0.3125 0.33425925925925926 0.19479166666666667 0.34629629629629627
6 0.6583333333333333 0.5212962962962963 0.08645833333333333 0.2833333333333333
4 0.5692708333333333 0.6694444444444444 0.15416666666666667 0.2740740740740741
13 0.703125 0.8611111111111112 0.11770833333333333 0.20925925925925926
5 0.6002604166666666 0.9106481481481481 0.10260416666666666 0.1787037037037037
3 0.5671875 0.1537037037037037 0.12604166666666666 0.3074074074074074
14 0.43125 0.15555555555555556 0.128125 0.28888888888888886
9 0.125 0.33425925925925926 0.14583333333333334 0.3962962962962963
6 0.9041666666666667 0.5212962962962963 0.07447916666666667 0.275
4 0.9653645833333333 0.6694444444444444 0.06927083333333334 0.29814814814814816
13 0.859375 0.8611111111111112 0.078125 0.2388888888888889
5 0.9536458333333333 0.9125 0.09270833333333334 0.16944444444444445
3 0.9684895833333333 0.15092592592592594 0.06302083333333333 0.30185185185185187
14 0.033854166666666664 0.1550925925925926 0.06770833333333333 0.28055555555555556