9 0.3125 0.33425925925925926 0.20416666666666666 0.362962962962963
6 0.6583333333333333 0.5212962962962963 0.07604166666666666 0.2759259259259259
4 0.5692708333333333 0.6694444444444444 0.15416666666666667 0.2740740740740741
13 0.703125 0.8611111111111112 0.11041666666666666 0.1962962962962963
5 0.6005208333333333 0.9111111111111111 0.11458333333333333 0.17777777777777778
3 0.5674479166666667 0.15092592592592594 0.15572916666666667 0.2759259259259259
14 0.43125 0.15648148148148147 0.1375 0.29814814814814816
9 0.125 0.33425925925925926 0.14583333333333334 0.3962962962962963
6 0.9041666666666667 0.5212962962962963 0.07447916666666667 0.275
4 0.9653645833333333 0.6694444444444444 0.06927083333333334 0.29814814814814816
13 0.859375 0.8611111111111112 0.078125 0.2388888888888889
5 0.9536458333333333 0.9125 0.09270833333333334 0.16944444444444445
3 0.9684895833333333 0.15092592592592594 0.06302083333333333 0.30185185185185187
14 0.033854166666666664 0.15648148148148147 0.06770833333333333 0.2796296296296296