11 0.5192708333333333 0.30833333333333335 0.140625 0.22037037037037038
8 0.3854166666666667 0.32314814814814813 0.12083333333333333 0.21481481481481482
11 0.2708333333333333 0.35555555555555557 0.10208333333333333 0.1814814814814815
10 0.4973958333333333 0.47962962962962963 0.10208333333333333 0.1814814814814815
7 0.3380208333333333 0.5009259259259259 0.13229166666666667 0.1814814814814815
12 0.41770833333333335 0.6314814814814815 0.13125 0.2351851851851852
12 0.51875 0.7685185185185185 0.12083333333333333 0.21481481481481482
15 0.6205729166666667 0.9087962962962963 0.16822916666666668 0.1824074074074074
8 0.05364583333333333 0.32314814814814813 0.10729166666666666 0.1962962962962963
11 0.16666666666666666 0.35555555555555557 0.08697916666666666 0.17777777777777778
7 0.09947916666666666 0.5009259259259259 0.12447916666666667 0.15925925925925927
12 0.04765625 0.6314814814814815 0.0953125 0.17962962962962964
15 0.9307291666666667 0.9148148148148149 0.13854166666666667 0.1685185185185185