11 0.5192708333333333 0.30833333333333335 0.14270833333333333 0.22407407407407406
8 0.3854166666666667 0.32314814814814813 0.12291666666666666 0.21851851851851853
11 0.2703125 0.35555555555555557 0.103125 0.1814814814814815
10 0.4973958333333333 0.47962962962962963 0.10833333333333334 0.1925925925925926
7 0.3380208333333333 0.5009259259259259 0.13020833333333334 0.17592592592592593
12 0.41770833333333335 0.6314814814814815 0.12708333333333333 0.22777777777777777
12 0.51875 0.7685185185185185 0.14479166666666668 0.16111111111111112
15 0.6203125 0.8944444444444445 0.13854166666666667 0.2111111111111111
8 0.05364583333333333 0.32314814814814813 0.10729166666666666 0.1962962962962963
11 0.1671875 0.35555555555555557 0.08697916666666666 0.17777777777777778
7 0.09947916666666666 0.5009259259259259 0.12447916666666667 0.15925925925925927
12 0.04765625 0.6314814814814815 0.0953125 0.17962962962962964
15 0.9307291666666667 0.9148148148148149 0.13854166666666667 0.1685185185185185