11 0.5192708333333333 0.30833333333333335 0.13125 0.23333333333333334
8 0.3854166666666667 0.32314814814814813 0.11145833333333334 0.19814814814814816
11 0.2708333333333333 0.35555555555555557 0.09166666666666666 0.18333333333333332
10 0.4973958333333333 0.47962962962962963 0.11979166666666667 0.17222222222222222
7 0.3380208333333333 0.5009259259259259 0.11041666666666666 0.1962962962962963
12 0.4171875 0.6314814814814815 0.13229166666666667 0.2351851851851852
12 0.51875 0.7685185185185185 0.14479166666666668 0.16111111111111112
15 0.6203125 0.8962962962962963 0.13541666666666666 0.2074074074074074
8 0.05364583333333333 0.32314814814814813 0.10729166666666666 0.1962962962962963
11 0.16666666666666666 0.35555555555555557 0.08697916666666666 0.17777777777777778
7 0.09947916666666666 0.5009259259259259 0.12447916666666667 0.15925925925925927
12 0.04791666666666667 0.6314814814814815 0.09583333333333334 0.17962962962962964
15 0.9307291666666667 0.9148148148148149 0.13854166666666667 0.1685185185185185