10 0.4010416666666667 0.2722222222222222 0.09583333333333334 0.13148148148148148
14 0.275 0.27314814814814814 0.078125 0.1388888888888889
4 0.7364583333333333 0.2759259259259259 0.075 0.13333333333333333
11 0.503125 0.27870370370370373 0.08229166666666667 0.14814814814814814
3 0.6255208333333333 0.2833333333333333 0.07708333333333334 0.1
8 0.43802083333333336 0.375 0.0875 0.15555555555555556
5 0.3140625 0.375 0.09791666666666667 0.1259259259259259
1 0.5692708333333333 0.3814814814814815 0.10729166666666666 0.14074074074074075
9 0.7057291666666666 0.4027777777777778 0.096875 0.17222222222222222
12 0.3541666666666667 0.4981481481481482 0.11875 0.2111111111111111
2 0.4947916666666667 0.5018518518518519 0.09479166666666666 0.17037037037037037
7 0.5979166666666667 0.6416666666666667 0.12083333333333333 0.21666666666666667
0 0.42552083333333335 0.6574074074074074 0.13020833333333334 0.23148148148148148
13 0.4921875 0.85 0.19791666666666666 0.24814814814814815
10 0.040625 0.27175925925925926 0.08125 0.11388888888888889
14 0.1625 0.27314814814814814 0.08125 0.10555555555555556
4 0.8260416666666667 0.2759259259259259 0.08125 0.10277777777777777
3 0.9369791666666667 0.2833333333333333 0.07708333333333334 0.09814814814814815
8 0.022135416666666668 0.37453703703703706 0.044270833333333336 0.12314814814814815
5 0.1234375 0.375 0.09270833333333334 0.11018518518518519
1 0.9705729166666667 0.3814814814814815 0.058854166666666666 0.12962962962962962
9 0.8567708333333334 0.4027777777777778 0.09739583333333333 0.15555555555555556
12 0.08333333333333333 0.4981481481481482 0.13072916666666667 0.1527777777777778
7 0.9486979166666667 0.6416666666666667 0.10260416666666666 0.17777777777777778
0 0.041666666666666664 0.6569444444444444 0.08333333333333333 0.18055555555555555
13 0.019270833333333334 0.8495370370370371 0.03854166666666667 0.21203703703703702