11 0.5026041666666666 0.25555555555555554 0.11354166666666667 0.06666666666666667
15 0.3578125 0.2814814814814815 0.11666666666666667 0.2074074074074074
9 0.609375 0.2935185185185185 0.07916666666666666 0.14074074074074075
14 0.2625 0.29444444444444445 0.08125 0.14444444444444443
10 0.7182291666666667 0.2962962962962963 0.09375 0.1685185185185185
6 0.50625 0.3592592592592593 0.128125 0.23148148148148148
8 0.4109375 0.4046296296296296 0.07083333333333333 0.11296296296296296
1 0.5901041666666667 0.4148148148148148 0.075 0.13148148148148148
5 0.3125 0.4148148148148148 0.10520833333333333 0.18703703703703703
9 0.6854166666666667 0.42685185185185187 0.11979166666666667 0.18703703703703703
2 0.5083333333333333 0.5314814814814814 0.14791666666666667 0.12222222222222222
12 0.3515625 0.5398148148148149 0.10833333333333334 0.1925925925925926
0 0.43072916666666666 0.6916666666666667 0.14583333333333334 0.25925925925925924
7 0.5807291666666666 0.6925925925925925 0.12916666666666668 0.22962962962962963
13 0.5065104166666666 0.8861111111111111 0.15885416666666666 0.22777777777777777
15 0.0796875 0.2814814814814815 0.121875 0.1638888888888889
9 0.953125 0.2935185185185185 0.0859375 0.11481481481481481
14 0.175 0.29444444444444445 0.07552083333333333 0.15092592592592594
10 0.8442708333333333 0.2962962962962963 0.10260416666666666 0.11851851851851852
8 0.030729166666666665 0.4041666666666667 0.06145833333333333 0.11018518518518519
1 0.9700520833333334 0.4148148148148148 0.059895833333333336 0.14629629629629629
5 0.125 0.4148148148148148 0.11927083333333334 0.125
9 0.8770833333333333 0.42685185185185187 0.11510416666666666 0.17592592592592593
12 0.0859375 0.5398148148148149 0.121875 0.1638888888888889
0 0.04479166666666667 0.6912037037037037 0.08958333333333333 0.21203703703703702
7 0.95703125 0.6925925925925925 0.0859375 0.19444444444444445