11 0.5026041666666666 0.25555555555555554 0.078125 0.1388888888888889
15 0.3578125 0.2814814814814815 0.11041666666666666 0.1962962962962963
9 0.609375 0.2935185185185185 0.07604166666666666 0.13518518518518519
14 0.2625 0.29444444444444445 0.08854166666666667 0.15555555555555556
10 0.7182291666666667 0.2962962962962963 0.0875 0.15555555555555556
6 0.50625 0.3592592592592593 0.12083333333333333 0.22037037037037038
8 0.4109375 0.4046296296296296 0.07083333333333333 0.11296296296296296
1 0.5901041666666667 0.4148148148148148 0.07916666666666666 0.14074074074074075
5 0.3125 0.4148148148148148 0.09895833333333333 0.17592592592592593
9 0.6854166666666667 0.42592592592592593 0.11458333333333333 0.17777777777777778
2 0.5083333333333333 0.5314814814814814 0.11041666666666666 0.1962962962962963
12 0.35104166666666664 0.5398148148148149 0.11041666666666666 0.19444444444444445
0 0.43072916666666666 0.6916666666666667 0.14895833333333333 0.26296296296296295
7 0.5807291666666666 0.6925925925925925 0.12708333333333333 0.22592592592592592
13 0.50625 0.8819444444444444 0.14166666666666666 0.2361111111111111
15 0.0796875 0.2814814814814815 0.121875 0.1638888888888889
9 0.953125 0.2935185185185185 0.0859375 0.11481481481481481
14 0.175 0.29444444444444445 0.07552083333333333 0.15092592592592594
10 0.8442708333333333 0.2962962962962963 0.10260416666666666 0.11851851851851852
8 0.030729166666666665 0.4041666666666667 0.06145833333333333 0.11018518518518519
1 0.9700520833333334 0.4148148148148148 0.059895833333333336 0.14629629629629629
5 0.125 0.4148148148148148 0.11927083333333334 0.125
9 0.8770833333333333 0.42592592592592593 0.11510416666666666 0.17777777777777778
12 0.08645833333333333 0.5398148148148149 0.121875 0.1638888888888889
0 0.04479166666666667 0.6912037037037037 0.08958333333333333 0.21203703703703702
7 0.95703125 0.6925925925925925 0.0859375 0.19444444444444445