11 0.5026041666666666 0.25555555555555554 0.1125 0.05277777777777778
15 0.3578125 0.2814814814814815 0.121875 0.1638888888888889
9 0.609375 0.2935185185185185 0.0859375 0.11481481481481481
14 0.2625 0.29444444444444445 0.07552083333333333 0.15092592592592594
10 0.7182291666666667 0.2962962962962963 0.10260416666666666 0.11851851851851852
6 0.50625 0.3592592592592593 0.11510416666666666 0.20925925925925926
8 0.4109375 0.4046296296296296 0.0703125 0.11018518518518519
1 0.5901041666666667 0.4148148148148148 0.06458333333333334 0.14629629629629629
5 0.3125 0.4148148148148148 0.11927083333333334 0.125
9 0.6854166666666667 0.42592592592592593 0.11510416666666666 0.17777777777777778
2 0.5083333333333333 0.5314814814814814 0.14739583333333334 0.12314814814814815
12 0.35104166666666664 0.5398148148148149 0.121875 0.1638888888888889
0 0.43072916666666666 0.6916666666666667 0.165625 0.21203703703703702
7 0.5807291666666666 0.6925925925925925 0.13489583333333333 0.19444444444444445
13 0.5067708333333333 0.8898148148148148 0.14739583333333334 0.20462962962962963
15 0.0796875 0.2814814814814815 0.121875 0.1638888888888889
9 0.953125 0.2935185185185185 0.0859375 0.11481481481481481
14 0.175 0.29444444444444445 0.07552083333333333 0.15092592592592594
10 0.8442708333333333 0.2962962962962963 0.10260416666666666 0.11851851851851852
8 0.030729166666666665 0.4041666666666667 0.06145833333333333 0.11018518518518519
1 0.9700520833333334 0.4148148148148148 0.059895833333333336 0.14629629629629629
5 0.125 0.4148148148148148 0.11927083333333334 0.125
9 0.8770833333333333 0.42592592592592593 0.11510416666666666 0.17777777777777778
12 0.08645833333333333 0.5398148148148149 0.121875 0.1638888888888889
0 0.04479166666666667 0.6912037037037037 0.08958333333333333 0.21203703703703702
7 0.95703125 0.6925925925925925 0.0859375 0.19444444444444445