10 0.7072916666666667 0.26666666666666666 0.09583333333333334 0.09074074074074075
9 0.6317708333333333 0.26666666666666666 0.051041666666666666 0.09074074074074075
14 0.25364583333333335 0.275 0.07291666666666667 0.12962962962962962
6 0.5234375 0.2953703703703704 0.1375 0.24444444444444444
8 0.4317708333333333 0.3685185185185185 0.096875 0.17222222222222222
9 0.6880208333333333 0.375 0.12083333333333333 0.16296296296296298
5 0.3020833333333333 0.38425925925925924 0.12708333333333333 0.22777777777777777
1 0.5963541666666666 0.3972222222222222 0.06770833333333333 0.10740740740740741
2 0.534375 0.4722222222222222 0.12604166666666666 0.14814814814814814
0 0.371875 0.5074074074074074 0.12083333333333333 0.21481481481481482
7 0.6505208333333333 0.6092592592592593 0.159375 0.1814814814814815
0 0.48802083333333335 0.6472222222222223 0.15 0.26666666666666666
13 0.5994791666666667 0.8324074074074074 0.171875 0.3055555555555556
15 0.35572916666666665 0.22777777777777777 0.13854166666666667 0.24814814814814815
10 0.8552083333333333 0.26666666666666666 0.09479166666666666 0.08425925925925926
9 0.9307291666666667 0.26666666666666666 0.04739583333333333 0.09351851851851851
14 0.18385416666666668 0.275 0.0703125 0.11388888888888889
6 0.9794270833333333 0.2953703703703704 0.04114583333333333 0.17592592592592593
8 0.030208333333333334 0.3685185185185185 0.06041666666666667 0.12777777777777777
9 0.8744791666666667 0.375 0.11927083333333334 0.15925925925925927
5 0.13541666666666666 0.38425925925925924 0.13697916666666668 0.16944444444444445
1 0.9661458333333334 0.3972222222222222 0.06458333333333334 0.10092592592592593
2 0.9838541666666667 0.4722222222222222 0.03229166666666667 0.12962962962962962
0 0.065625 0.5074074074074074 0.12552083333333333 0.1685185185185185
7 0.9119791666666667 0.6092592592592593 0.15729166666666666 0.17592592592592593
13 0.9401041666666666 0.8319444444444445 0.11979166666666667 0.262037037037037
15 0.08177083333333333 0.22777777777777777 0.15260416666666668 0.2