10 0.7072916666666667 0.26666666666666666 0.09479166666666666 0.08703703703703704
9 0.6317708333333333 0.26666666666666666 0.052083333333333336 0.09259259259259259
14 0.25364583333333335 0.275 0.07291666666666667 0.12962962962962962
6 0.5234375 0.29444444444444445 0.13229166666666667 0.23333333333333334
8 0.4317708333333333 0.3685185185185185 0.09270833333333334 0.1648148148148148
9 0.6880208333333333 0.375 0.109375 0.19444444444444445
5 0.3020833333333333 0.38425925925925924 0.14166666666666666 0.1814814814814815
1 0.5963541666666666 0.3962962962962963 0.06666666666666667 0.10555555555555556
2 0.5338541666666666 0.4722222222222222 0.09895833333333333 0.17592592592592593
0 0.371875 0.5074074074074074 0.11875 0.2111111111111111
7 0.65 0.6092592592592593 0.140625 0.25
0 0.4875 0.6472222222222223 0.159375 0.2351851851851852
13 0.5994791666666667 0.8324074074074074 0.17916666666666667 0.28888888888888886
15 0.35572916666666665 0.22777777777777777 0.134375 0.24074074074074073
10 0.8552083333333333 0.26666666666666666 0.09479166666666666 0.08425925925925926
9 0.9307291666666667 0.26666666666666666 0.04739583333333333 0.09351851851851851
14 0.18385416666666668 0.275 0.0703125 0.11388888888888889
6 0.9794270833333333 0.29444444444444445 0.04114583333333333 0.17777777777777778
8 0.030208333333333334 0.3685185185185185 0.06041666666666667 0.12777777777777777
9 0.8744791666666667 0.375 0.11927083333333334 0.15925925925925927
5 0.13541666666666666 0.38425925925925924 0.13697916666666668 0.16944444444444445
1 0.9661458333333334 0.3962962962962963 0.06458333333333334 0.10092592592592593
2 0.9841145833333333 0.4722222222222222 0.03177083333333333 0.12962962962962962
0 0.065625 0.5074074074074074 0.12552083333333333 0.1685185185185185
7 0.9125 0.6092592592592593 0.15729166666666666 0.17592592592592593
13 0.9401041666666666 0.8319444444444445 0.11979166666666667 0.262037037037037
15 0.08177083333333333 0.22777777777777777 0.15260416666666668 0.2