10 0.7072916666666667 0.26666666666666666 0.07395833333333333 0.13148148148148148
9 0.6317708333333333 0.26666666666666666 0.05520833333333333 0.09814814814814815
14 0.25364583333333335 0.275 0.07395833333333333 0.12037037037037036
6 0.5234375 0.2953703703703704 0.13645833333333332 0.24259259259259258
8 0.4317708333333333 0.3685185185185185 0.09479166666666666 0.16666666666666666
9 0.6880208333333333 0.375 0.12604166666666666 0.17407407407407408
5 0.3020833333333333 0.38425925925925924 0.12291666666666666 0.22037037037037038
1 0.5963541666666666 0.3972222222222222 0.06458333333333334 0.11296296296296296
2 0.534375 0.4722222222222222 0.10520833333333333 0.18703703703703703
0 0.371875 0.5074074074074074 0.13020833333333334 0.1814814814814815
7 0.6505208333333333 0.6092592592592593 0.140625 0.25
0 0.48802083333333335 0.6472222222222223 0.146875 0.26296296296296295
13 0.5994791666666667 0.8324074074074074 0.15729166666666666 0.2796296296296296
15 0.35572916666666665 0.22777777777777777 0.16041666666666668 0.21851851851851853
10 0.8552083333333333 0.26666666666666666 0.09479166666666666 0.08425925925925926
9 0.9307291666666667 0.26666666666666666 0.04739583333333333 0.09351851851851851
14 0.18385416666666668 0.275 0.0703125 0.11388888888888889
6 0.9794270833333333 0.2953703703703704 0.04114583333333333 0.17592592592592593
8 0.030208333333333334 0.3685185185185185 0.06041666666666667 0.12777777777777777
9 0.8744791666666667 0.375 0.11927083333333334 0.15925925925925927
5 0.13541666666666666 0.38425925925925924 0.13697916666666668 0.16944444444444445
1 0.9661458333333334 0.3972222222222222 0.06458333333333334 0.10092592592592593
2 0.9838541666666667 0.4722222222222222 0.03229166666666667 0.12962962962962962
0 0.065625 0.5074074074074074 0.12552083333333333 0.1685185185185185
7 0.9119791666666667 0.6092592592592593 0.15729166666666666 0.17592592592592593
13 0.9401041666666666 0.8319444444444445 0.11979166666666667 0.262037037037037
15 0.08177083333333333 0.22777777777777777 0.15260416666666668 0.2