10 0.7072916666666667 0.26666666666666666 0.07708333333333334 0.13703703703703704
9 0.6317708333333333 0.26666666666666666 0.052083333333333336 0.09259259259259259
14 0.25364583333333335 0.275 0.07291666666666667 0.11851851851851852
6 0.5234375 0.29444444444444445 0.134375 0.23703703703703705
8 0.4317708333333333 0.3685185185185185 0.11145833333333334 0.13333333333333333
9 0.6880208333333333 0.375 0.10625 0.18888888888888888
5 0.3020833333333333 0.38425925925925924 0.121875 0.21851851851851853
1 0.5963541666666666 0.3962962962962963 0.065625 0.11666666666666667
2 0.5338541666666666 0.4722222222222222 0.12291666666666666 0.13518518518518519
0 0.371875 0.5074074074074074 0.12916666666666668 0.17962962962962964
7 0.65 0.6092592592592593 0.13541666666666666 0.24074074074074073
0 0.4875 0.6472222222222223 0.14166666666666666 0.2518518518518518
13 0.5994791666666667 0.8324074074074074 0.16354166666666667 0.29074074074074074
15 0.35572916666666665 0.22777777777777777 0.16145833333333334 0.2222222222222222
10 0.8552083333333333 0.26666666666666666 0.09479166666666666 0.08425925925925926
9 0.9307291666666667 0.26666666666666666 0.04739583333333333 0.09351851851851851
14 0.18385416666666668 0.275 0.0703125 0.11388888888888889
6 0.9794270833333333 0.29444444444444445 0.04114583333333333 0.17777777777777778
8 0.030208333333333334 0.3685185185185185 0.06041666666666667 0.12777777777777777
9 0.8744791666666667 0.375 0.11927083333333334 0.15925925925925927
5 0.13541666666666666 0.38425925925925924 0.13697916666666668 0.16944444444444445
1 0.9661458333333334 0.3962962962962963 0.06458333333333334 0.10092592592592593
2 0.9841145833333333 0.4722222222222222 0.03177083333333333 0.12962962962962962
0 0.065625 0.5074074074074074 0.12552083333333333 0.1685185185185185
7 0.9125 0.6092592592592593 0.15729166666666666 0.17592592592592593
13 0.9401041666666666 0.8319444444444445 0.11979166666666667 0.262037037037037
15 0.08177083333333333 0.22777777777777777 0.15260416666666668 0.2