13 0.6375 0.2796296296296296 0.1125 0.2
14 0.29010416666666666 0.30092592592592593 0.08229166666666667 0.14444444444444443
11 0.5010416666666667 0.3037037037037037 0.096875 0.1259259259259259
8 0.44166666666666665 0.39166666666666666 0.11145833333333334 0.11296296296296296
1 0.5604166666666667 0.3962962962962963 0.10416666666666667 0.12962962962962962
5 0.32916666666666666 0.4083333333333333 0.11041666666666666 0.12777777777777777
6 0.6276041666666666 0.4925925925925926 0.12291666666666666 0.21851851851851853
2 0.5 0.5046296296296297 0.09166666666666666 0.16296296296296298
15 0.36770833333333336 0.5194444444444445 0.09895833333333333 0.17592592592592593
0 0.42552083333333335 0.6546296296296297 0.11145833333333334 0.19814814814814816
7 0.5927083333333333 0.6648148148148149 0.13645833333333332 0.21481481481481482
12 0.5026041666666666 0.8518518518518519 0.16354166666666667 0.25925925925925924
13 0.925 0.2796296296296296 0.11770833333333333 0.18703703703703703
14 0.14739583333333334 0.30092592592592593 0.08697916666666666 0.13425925925925927
8 0.025520833333333333 0.39166666666666666 0.051041666666666666 0.10925925925925926
1 0.9760416666666667 0.3962962962962963 0.04791666666666667 0.11851851851851852
5 0.10833333333333334 0.4083333333333333 0.10520833333333333 0.10740740740740741
6 0.93125 0.49212962962962964 0.1375 0.16018518518518518
15 0.06979166666666667 0.5194444444444445 0.11510416666666666 0.12962962962962962
0 0.03958333333333333 0.6546296296296297 0.07916666666666666 0.15925925925925927
7 0.953125 0.6648148148148149 0.09375 0.19444444444444445