13 0.6375 0.2796296296296296 0.11770833333333333 0.18703703703703703
14 0.29010416666666666 0.30092592592592593 0.08697916666666666 0.13425925925925927
11 0.5010416666666667 0.3037037037037037 0.0921875 0.11018518518518519
8 0.44166666666666665 0.39166666666666666 0.11041666666666666 0.10925925925925926
1 0.5604166666666667 0.3962962962962963 0.1 0.11851851851851852
5 0.32916666666666666 0.4083333333333333 0.10520833333333333 0.10740740740740741
6 0.6276041666666666 0.4925925925925926 0.14479166666666668 0.16018518518518518
2 0.5 0.5046296296296297 0.10416666666666667 0.11944444444444445
15 0.36770833333333336 0.5194444444444445 0.11510416666666666 0.12962962962962962
0 0.42552083333333335 0.6546296296296297 0.134375 0.15925925925925927
7 0.5927083333333333 0.6648148148148149 0.12708333333333333 0.19444444444444445
12 0.5026041666666666 0.8518518518518519 0.1515625 0.2351851851851852
13 0.925 0.2796296296296296 0.11770833333333333 0.18703703703703703
14 0.14739583333333334 0.30092592592592593 0.08697916666666666 0.13425925925925927
8 0.025520833333333333 0.39166666666666666 0.051041666666666666 0.10925925925925926
1 0.9760416666666667 0.3962962962962963 0.04791666666666667 0.11851851851851852
5 0.10833333333333334 0.4083333333333333 0.10520833333333333 0.10740740740740741
6 0.93125 0.49212962962962964 0.1375 0.16018518518518518
15 0.06979166666666667 0.5194444444444445 0.11510416666666666 0.12962962962962962
0 0.03958333333333333 0.6546296296296297 0.07916666666666666 0.15925925925925927
7 0.953125 0.6648148148148149 0.09375 0.19444444444444445