14 0.2765625 0.25462962962962965 0.11979166666666667 0.1388888888888889
7 0.6255208333333333 0.26481481481481484 0.11145833333333334 0.13703703703703704
9 0.3848958333333333 0.2675925925925926 0.078125 0.1388888888888889
12 0.73125 0.2722222222222222 0.10416666666666667 0.14444444444444443
0 0.49375 0.3287037037037037 0.14270833333333333 0.2537037037037037
3 0.40260416666666665 0.36574074074074076 0.0625 0.1111111111111111
2 0.59375 0.3685185185185185 0.058333333333333334 0.1037037037037037
11 0.31145833333333334 0.375 0.10520833333333333 0.18703703703703703
13 0.6916666666666667 0.38425925925925924 0.13125 0.16111111111111112
1 0.3609375 0.5064814814814815 0.11041666666666666 0.19444444444444445
8 0.49166666666666664 0.5166666666666667 0.12291666666666666 0.22037037037037038
15 0.6432291666666666 0.5212962962962963 0.1375 0.24259259259259258
4 0.5692708333333333 0.6675925925925926 0.15104166666666666 0.21296296296296297
10 0.4171875 0.6777777777777778 0.12916666666666668 0.23148148148148148
5 0.4869791666666667 0.8587962962962963 0.16875 0.2824074074074074
6 0.5130208333333334 0.2324074074074074 0.057291666666666664 0.10185185185185185
14 0.1609375 0.25462962962962965 0.115625 0.12314814814814815
7 0.9369791666666667 0.26481481481481484 0.10677083333333333 0.125
9 0.05260416666666667 0.2675925925925926 0.08489583333333334 0.10092592592592593
12 0.83125 0.2722222222222222 0.09739583333333333 0.12962962962962962
3 0.034895833333333334 0.36574074074074076 0.0640625 0.09166666666666666
2 0.96875 0.3685185185185185 0.05416666666666667 0.10277777777777777
11 0.12604166666666666 0.375 0.11770833333333333 0.13703703703703704
13 0.8708333333333333 0.38425925925925924 0.12708333333333333 0.15
1 0.0765625 0.5064814814814815 0.13489583333333333 0.14814814814814814
15 0.9192708333333334 0.5212962962962963 0.16041666666666668 0.16018518518518518
4 0.9596354166666666 0.6671296296296296 0.08072916666666667 0.20092592592592592
10 0.05078125 0.6773148148148148 0.1015625 0.1638888888888889
5 0.021875 0.8680555555555556 0.04375 0.23055555555555557