14 0.2765625 0.25462962962962965 0.10104166666666667 0.17962962962962964
7 0.6255208333333333 0.2657407407407407 0.08854166666666667 0.1574074074074074
9 0.3848958333333333 0.2675925925925926 0.08958333333333333 0.11666666666666667
12 0.73125 0.2722222222222222 0.10104166666666667 0.13703703703703704
0 0.49375 0.3287037037037037 0.14270833333333333 0.20925925925925926
3 0.40260416666666665 0.36574074074074076 0.06666666666666667 0.09814814814814815
2 0.59375 0.3685185185185185 0.057291666666666664 0.10185185185185185
11 0.31145833333333334 0.375 0.10416666666666667 0.18518518518518517
13 0.6916666666666667 0.38425925925925924 0.13333333333333333 0.1685185185185185
1 0.3609375 0.5064814814814815 0.1375 0.1574074074074074
8 0.49166666666666664 0.5166666666666667 0.12708333333333333 0.22777777777777777
15 0.6432291666666666 0.5222222222222223 0.13125 0.23333333333333334
4 0.5692708333333333 0.6675925925925926 0.14166666666666666 0.2518518518518518
10 0.4171875 0.6787037037037037 0.16875 0.18333333333333332
5 0.48723958333333334 0.8601851851851852 0.16510416666666666 0.2796296296296296
6 0.5130208333333334 0.23333333333333334 0.06145833333333333 0.10740740740740741
14 0.1609375 0.25462962962962965 0.115625 0.12314814814814815
7 0.9369791666666667 0.2657407407407407 0.10677083333333333 0.12314814814814815
9 0.05260416666666667 0.2675925925925926 0.08489583333333334 0.10092592592592593
12 0.83125 0.2722222222222222 0.09739583333333333 0.12962962962962962
3 0.034895833333333334 0.36574074074074076 0.0640625 0.09166666666666666
2 0.96875 0.3685185185185185 0.05416666666666667 0.10277777777777777
11 0.12604166666666666 0.375 0.11770833333333333 0.13703703703703704
13 0.8708333333333333 0.38425925925925924 0.12708333333333333 0.15
1 0.0765625 0.5064814814814815 0.13489583333333333 0.14814814814814814
15 0.9192708333333334 0.5222222222222223 0.16041666666666668 0.16018518518518518
4 0.9596354166666666 0.6671296296296296 0.08072916666666667 0.20092592592592592
10 0.05078125 0.6782407407407407 0.1015625 0.1638888888888889
5 0.021875 0.8680555555555556 0.04375 0.23055555555555557