14 0.2765625 0.25462962962962965 0.11770833333333333 0.13148148148148148
7 0.6255208333333333 0.2657407407407407 0.09479166666666666 0.1685185185185185
9 0.3848958333333333 0.2675925925925926 0.07291666666666667 0.12962962962962962
12 0.73125 0.2722222222222222 0.10208333333333333 0.1388888888888889
0 0.49375 0.3287037037037037 0.13645833333333332 0.24259259259259258
3 0.40260416666666665 0.36574074074074076 0.059375 0.10555555555555556
2 0.59375 0.3685185185185185 0.06041666666666667 0.10740740740740741
11 0.31145833333333334 0.375 0.10208333333333333 0.17962962962962964
13 0.6916666666666667 0.38425925925925924 0.13333333333333333 0.16666666666666666
1 0.3609375 0.5064814814814815 0.14270833333333333 0.17592592592592593
8 0.49166666666666664 0.5166666666666667 0.11666666666666667 0.2074074074074074
15 0.6432291666666666 0.5222222222222223 0.134375 0.24074074074074073
4 0.5692708333333333 0.6675925925925926 0.140625 0.25
10 0.4171875 0.6787037037037037 0.16458333333333333 0.16666666666666666
5 0.48723958333333334 0.8666666666666667 0.20052083333333334 0.26666666666666666
6 0.5130208333333334 0.23333333333333334 0.06145833333333333 0.10925925925925926
14 0.1609375 0.25462962962962965 0.115625 0.12314814814814815
7 0.9369791666666667 0.2657407407407407 0.10677083333333333 0.12314814814814815
9 0.05260416666666667 0.2675925925925926 0.08489583333333334 0.10092592592592593
12 0.83125 0.2722222222222222 0.09739583333333333 0.12962962962962962
3 0.034895833333333334 0.36574074074074076 0.0640625 0.09166666666666666
2 0.96875 0.3685185185185185 0.05416666666666667 0.10277777777777777
11 0.12604166666666666 0.375 0.11770833333333333 0.13703703703703704
13 0.8708333333333333 0.38425925925925924 0.12708333333333333 0.15
1 0.0765625 0.5064814814814815 0.13489583333333333 0.14814814814814814
15 0.9192708333333334 0.5222222222222223 0.16041666666666668 0.16018518518518518
4 0.9596354166666666 0.6671296296296296 0.08072916666666667 0.20092592592592592
10 0.05078125 0.6782407407407407 0.1015625 0.1638888888888889
5 0.021875 0.8680555555555556 0.04375 0.23055555555555557