14 0.2765625 0.25462962962962965 0.115625 0.12314814814814815
7 0.6255208333333333 0.26481481481481484 0.10677083333333333 0.125
9 0.384375 0.26666666666666666 0.0859375 0.10277777777777777
12 0.73125 0.2722222222222222 0.09739583333333333 0.12962962962962962
0 0.49375 0.3287037037037037 0.1421875 0.2074074074074074
3 0.40208333333333335 0.36574074074074076 0.06458333333333334 0.09166666666666666
2 0.59375 0.3685185185185185 0.05416666666666667 0.10277777777777777
11 0.31145833333333334 0.375 0.11770833333333333 0.13703703703703704
13 0.6916666666666667 0.38425925925925924 0.12708333333333333 0.15
1 0.3609375 0.5064814814814815 0.13489583333333333 0.14814814814814814
8 0.49166666666666664 0.5166666666666667 0.14739583333333334 0.15
15 0.6432291666666666 0.5212962962962963 0.16041666666666668 0.16018518518518518
4 0.5692708333333333 0.6675925925925926 0.14739583333333334 0.20092592592592592
10 0.4171875 0.6787037037037037 0.16302083333333334 0.1638888888888889
5 0.4875 0.8685185185185185 0.18802083333333333 0.23055555555555557
6 0.5130208333333334 0.2324074074074074 0.0875 0.046296296296296294
14 0.1609375 0.25462962962962965 0.115625 0.12314814814814815
7 0.9369791666666667 0.26481481481481484 0.10677083333333333 0.125
9 0.053125 0.26666666666666666 0.0859375 0.10277777777777777
12 0.83125 0.2722222222222222 0.09739583333333333 0.12962962962962962
3 0.035416666666666666 0.36574074074074076 0.06458333333333334 0.09166666666666666
2 0.96875 0.3685185185185185 0.05416666666666667 0.10277777777777777
11 0.12604166666666666 0.375 0.11770833333333333 0.13703703703703704
13 0.8708333333333333 0.38425925925925924 0.12708333333333333 0.15
1 0.0765625 0.5064814814814815 0.13489583333333333 0.14814814814814814
15 0.9192708333333334 0.5212962962962963 0.16041666666666668 0.16018518518518518
4 0.9596354166666666 0.6671296296296296 0.08072916666666667 0.20092592592592592
10 0.05078125 0.6782407407407407 0.1015625 0.1638888888888889
5 0.021875 0.8680555555555556 0.04375 0.23055555555555557