6 0.4973958333333333 0.2611111111111111 0.08697916666666666 0.06666666666666667
14 0.28229166666666666 0.2796296296296296 0.09739583333333333 0.1259259259259259
9 0.38958333333333334 0.287962962962963 0.09739583333333333 0.08518518518518518
7 0.6005208333333333 0.3074074074074074 0.10104166666666667 0.11481481481481481
12 0.7088541666666667 0.3212962962962963 0.10677083333333333 0.13425925925925927
0 0.4921875 0.3611111111111111 0.15 0.17592592592592593
3 0.4088541666666667 0.38981481481481484 0.065625 0.11481481481481481
11 0.3171875 0.3925925925925926 0.11510416666666666 0.14166666666666666
2 0.5796875 0.4 0.06822916666666666 0.10555555555555556
13 0.6744791666666666 0.42407407407407405 0.11041666666666666 0.11388888888888889
1 0.3578125 0.5148148148148148 0.1078125 0.15555555555555556
8 0.48541666666666666 0.5277777777777778 0.12552083333333333 0.12777777777777777
15 0.61875 0.5453703703703704 0.134375 0.15092592592592594
10 0.4140625 0.6833333333333333 0.1484375 0.14814814814814814
4 0.5494791666666666 0.687962962962963 0.134375 0.17592592592592593
5 0.47708333333333336 0.862037037037037 0.17447916666666666 0.20925925925925926
6 0.36041666666666666 0.1925925925925926 0.0515625 0.06666666666666667
14 0.15520833333333334 0.2796296296296296 0.09739583333333333 0.1259259259259259
9 0.048177083333333336 0.287962962962963 0.09635416666666667 0.08518518518518518
7 0.9557291666666666 0.3074074074074074 0.08854166666666667 0.11481481481481481
12 0.8536458333333333 0.3212962962962963 0.10677083333333333 0.13425925925925927
3 0.030729166666666665 0.38981481481481484 0.06145833333333333 0.11481481481481481
11 0.1203125 0.3925925925925926 0.11510416666666666 0.14166666666666666
2 0.97421875 0.4 0.0515625 0.10555555555555556
13 0.8880208333333334 0.42407407407407405 0.11041666666666666 0.11388888888888889
1 0.0796875 0.5148148148148148 0.1078125 0.15555555555555556
15 0.93828125 0.5449074074074074 0.1234375 0.15092592592592594
10 0.04869791666666667 0.6833333333333333 0.09739583333333333 0.14814814814814814
4 0.9729166666666667 0.687962962962963 0.05416666666666667 0.17592592592592593
5 0.023697916666666666 0.862037037037037 0.04739583333333333 0.20925925925925926
6 0.07708333333333334 0.1925925925925926 0.0515625 0.06666666666666667