6 0.496875 0.2601851851851852 0.06666666666666667 0.11851851851851852
14 0.28229166666666666 0.2796296296296296 0.08645833333333333 0.1537037037037037
9 0.3890625 0.287962962962963 0.10104166666666667 0.10185185185185185
7 0.6005208333333333 0.3074074074074074 0.0875 0.15555555555555556
12 0.7088541666666667 0.3212962962962963 0.11354166666666667 0.1537037037037037
0 0.49166666666666664 0.3611111111111111 0.1375 0.24444444444444444
3 0.4088541666666667 0.38981481481481484 0.06979166666666667 0.12407407407407407
11 0.3171875 0.3925925925925926 0.10208333333333333 0.18333333333333332
2 0.5796875 0.4 0.065625 0.11481481481481481
13 0.6744791666666666 0.42407407407407405 0.08958333333333333 0.15925925925925927
1 0.3578125 0.5148148148148148 0.11041666666666666 0.16111111111111112
8 0.48541666666666666 0.5277777777777778 0.10625 0.18703703703703703
15 0.61875 0.5453703703703704 0.1125 0.2
10 0.4140625 0.6824074074074075 0.12395833333333334 0.22037037037037038
4 0.5489583333333333 0.687037037037037 0.125 0.2222222222222222
5 0.47708333333333336 0.862037037037037 0.18229166666666666 0.22962962962962963
6 0.36041666666666666 0.19166666666666668 0.04895833333333333 0.08703703703703704
14 0.15520833333333334 0.2796296296296296 0.09739583333333333 0.1259259259259259
9 0.0484375 0.287962962962963 0.096875 0.08518518518518518
7 0.9557291666666666 0.3074074074074074 0.08854166666666667 0.11481481481481481
12 0.8536458333333333 0.3212962962962963 0.10677083333333333 0.13425925925925927
3 0.030729166666666665 0.38981481481481484 0.06145833333333333 0.11481481481481481
11 0.1203125 0.3925925925925926 0.11510416666666666 0.14166666666666666
2 0.97421875 0.4 0.0515625 0.10555555555555556
13 0.8880208333333334 0.42407407407407405 0.11041666666666666 0.11388888888888889
1 0.0796875 0.5148148148148148 0.1078125 0.15555555555555556
15 0.93828125 0.5449074074074074 0.1234375 0.15092592592592594
10 0.04869791666666667 0.6824074074074075 0.09739583333333333 0.14814814814814814
4 0.9731770833333333 0.687037037037037 0.05364583333333333 0.17592592592592593
5 0.023958333333333335 0.862037037037037 0.04791666666666667 0.20925925925925926
6 0.07708333333333334 0.19166666666666668 0.0515625 0.06666666666666667