9 0.5223958333333333 0.4527777777777778 0.12604166666666666 0.22407407407407406
11 0.3880208333333333 0.45740740740740743 0.13229166666666667 0.2759259259259259
10 0.5348958333333333 0.7194444444444444 0.13020833333333334 0.2518518518518518
14 0.3453125 0.1685185185185185 0.15 0.26666666666666666
8 0.48125 0.19907407407407407 0.11458333333333333 0.29074074074074074
4 0.5921875 0.2388888888888889 0.14479166666666668 0.25925925925925924
7 0.7078125 0.3296296296296296 0.14791666666666667 0.26296296296296295
11 0.05677083333333333 0.45694444444444443 0.11354166666666667 0.2712962962962963
10 0.9830729166666666 0.7189814814814814 0.033854166666666664 0.23981481481481481
14 0.0921875 0.1685185185185185 0.128125 0.275
4 0.9583333333333334 0.2388888888888889 0.08333333333333333 0.3055555555555556
7 0.8546875 0.3296296296296296 0.12552083333333333 0.2851851851851852