9 0.5223958333333333 0.4537037037037037 0.121875 0.21851851851851853
11 0.3880208333333333 0.45740740740740743 0.140625 0.25
10 0.5348958333333333 0.7194444444444444 0.12708333333333333 0.2462962962962963
14 0.3453125 0.1685185185185185 0.153125 0.2722222222222222
8 0.48125 0.19907407407407407 0.15 0.26851851851851855
4 0.5921875 0.2388888888888889 0.14895833333333333 0.26666666666666666
7 0.7083333333333334 0.3296296296296296 0.14895833333333333 0.26296296296296295
11 0.05677083333333333 0.45694444444444443 0.11354166666666667 0.2712962962962963
10 0.9830729166666666 0.7189814814814814 0.033854166666666664 0.23981481481481481
14 0.0921875 0.1685185185185185 0.128125 0.275
4 0.9583333333333334 0.2388888888888889 0.08333333333333333 0.3055555555555556
7 0.8541666666666666 0.3296296296296296 0.12552083333333333 0.2851851851851852