9 0.5223958333333333 0.4537037037037037 0.11875 0.25925925925925924
11 0.3880208333333333 0.45740740740740743 0.15416666666666667 0.2740740740740741
10 0.5348958333333333 0.7194444444444444 0.13645833333333332 0.24444444444444444
14 0.3453125 0.1685185185185185 0.15729166666666666 0.2796296296296296
8 0.48125 0.19907407407407407 0.14479166666666668 0.2574074074074074
4 0.5921875 0.2388888888888889 0.14375 0.25555555555555554
7 0.7083333333333334 0.3296296296296296 0.14375 0.25555555555555554
11 0.05677083333333333 0.45694444444444443 0.11354166666666667 0.2712962962962963
10 0.9830729166666666 0.7189814814814814 0.033854166666666664 0.23981481481481481
14 0.0921875 0.1685185185185185 0.128125 0.275
4 0.9583333333333334 0.2388888888888889 0.08333333333333333 0.3055555555555556
7 0.8541666666666666 0.3296296296296296 0.12552083333333333 0.2851851851851852