11 0.7510416666666667 0.3824074074074074 0.059375 0.24351851851851852
6 0.24479166666666666 0.412962962962963 0.05260416666666667 0.1638888888888889
1 0.6536458333333334 0.4722222222222222 0.08958333333333333 0.18518518518518517
14 0.29635416666666664 0.512962962962963 0.08697916666666666 0.1638888888888889
10 0.6291666666666667 0.6546296296296297 0.08697916666666666 0.2
13 0.3140625 0.7351851851851852 0.1 0.2
0 0.5484375 0.837037037037037 0.078125 0.19444444444444445
2 0.6119791666666666 0.29074074074074074 0.07291666666666667 0.20462962962962963
11 0.8114583333333333 0.3824074074074074 0.059375 0.24351851851851852
6 0.19270833333333334 0.412962962962963 0.05260416666666667 0.1638888888888889
1 0.9088541666666666 0.4722222222222222 0.08958333333333333 0.18518518518518517
14 0.14114583333333333 0.512962962962963 0.08697916666666666 0.1638888888888889
10 0.9333333333333333 0.6546296296296297 0.08697916666666666 0.2
13 0.1234375 0.7351851851851852 0.1 0.2
0 0.9875 0.837037037037037 0.025 0.19444444444444445
2 0.9505208333333334 0.29074074074074074 0.07291666666666667 0.20462962962962963