11 0.7510416666666667 0.3824074074074074 0.09791666666666667 0.17407407407407408
6 0.24479166666666666 0.412962962962963 0.07916666666666666 0.14074074074074075
1 0.6536458333333334 0.4722222222222222 0.10729166666666666 0.19074074074074074
14 0.29635416666666664 0.512962962962963 0.09583333333333334 0.17777777777777778
10 0.6291666666666667 0.6546296296296297 0.09166666666666666 0.20555555555555555
13 0.3140625 0.7351851851851852 0.10625 0.18888888888888888
0 0.5484375 0.8379629629629629 0.08645833333333333 0.2037037037037037
2 0.6119791666666666 0.29074074074074074 0.096875 0.17222222222222222
11 0.8114583333333333 0.3824074074074074 0.059375 0.24351851851851852
6 0.19270833333333334 0.412962962962963 0.05260416666666667 0.1638888888888889
1 0.9088541666666666 0.4722222222222222 0.08958333333333333 0.18518518518518517
14 0.14114583333333333 0.512962962962963 0.08697916666666666 0.1638888888888889
10 0.9333333333333333 0.6546296296296297 0.08697916666666666 0.2
13 0.1234375 0.7351851851851852 0.1 0.2
0 0.9875 0.8379629629629629 0.025 0.19444444444444445
2 0.9505208333333334 0.29074074074074074 0.07291666666666667 0.20462962962962963