12 0.42083333333333334 0.2675925925925926 0.15416666666666667 0.2740740740740741
9 0.5322916666666667 0.26944444444444443 0.09375 0.1648148148148148
7 0.33541666666666664 0.28425925925925927 0.078125 0.14074074074074075
6 0.25677083333333334 0.3037037037037037 0.07916666666666666 0.14074074074074075
1 0.7119791666666667 0.38425925925925924 0.14791666666666667 0.20555555555555555
2 0.5755208333333334 0.39444444444444443 0.09895833333333333 0.17592592592592593
10 0.44479166666666664 0.4398148148148148 0.09375 0.16666666666666666
8 0.30572916666666666 0.4462962962962963 0.13645833333333332 0.2
0 0.6630208333333333 0.4842592592592593 0.08958333333333333 0.15925925925925927
15 0.5130208333333334 0.5583333333333333 0.109375 0.17407407407407408
13 0.39166666666666666 0.5916666666666667 0.14166666666666666 0.19074074074074074
11 0.625 0.5944444444444444 0.15 0.26666666666666666
4 0.6104166666666667 0.7324074074074074 0.11354166666666667 0.20185185185185187
5 0.47604166666666664 0.737037037037037 0.121875 0.21666666666666667
3 0.5666666666666667 0.8921296296296296 0.13125 0.21574074074074073
14 0.7260416666666667 0.21851851851851853 0.10833333333333334 0.1925925925925926
12 0.04765625 0.2671296296296296 0.0953125 0.21944444444444444
7 0.10208333333333333 0.28425925925925927 0.06822916666666666 0.15092592592592594
6 0.18072916666666666 0.3037037037037037 0.06927083333333334 0.15092592592592594
1 0.8505208333333333 0.38425925925925924 0.1375 0.17962962962962964
2 0.9671875 0.3939814814814815 0.065625 0.15092592592592594
10 0.022395833333333334 0.4393518518518518 0.04479166666666667 0.11944444444444445
8 0.13177083333333334 0.4462962962962963 0.128125 0.1824074074074074
0 0.8994791666666667 0.4842592592592593 0.11770833333333333 0.0824074074074074
13 0.055989583333333336 0.5916666666666667 0.11197916666666667 0.1648148148148148
11 0.9286458333333333 0.5939814814814814 0.14270833333333333 0.2212962962962963
4 0.9434895833333333 0.7319444444444444 0.11302083333333333 0.13425925925925927
3 0.9575520833333333 0.9013888888888889 0.08489583333333334 0.17314814814814813
14 0.8364583333333333 0.21851851851851853 0.109375 0.15925925925925927