12 0.42083333333333334 0.2675925925925926 0.1578125 0.21944444444444444
9 0.5328125 0.27037037037037037 0.08489583333333334 0.1574074074074074
7 0.3359375 0.28425925925925927 0.0671875 0.15092592592592594
6 0.25677083333333334 0.3037037037037037 0.06927083333333334 0.15092592592592594
1 0.7119791666666667 0.38425925925925924 0.1375 0.17962962962962964
2 0.5755208333333334 0.39444444444444443 0.10520833333333333 0.15092592592592594
10 0.44479166666666664 0.4398148148148148 0.10416666666666667 0.11944444444444445
8 0.30572916666666666 0.44722222222222224 0.12708333333333333 0.1824074074074074
0 0.6630208333333333 0.4842592592592593 0.11770833333333333 0.0824074074074074
15 0.5130208333333334 0.5583333333333333 0.10520833333333333 0.1638888888888889
13 0.3921875 0.5916666666666667 0.13229166666666667 0.1648148148148148
11 0.625 0.5944444444444444 0.16041666666666668 0.2212962962962963
4 0.6104166666666667 0.7324074074074074 0.1296875 0.13425925925925927
5 0.47604166666666664 0.737037037037037 0.12447916666666667 0.17777777777777778
3 0.5671875 0.9018518518518519 0.15989583333333332 0.17314814814814813
14 0.7260416666666667 0.21851851851851853 0.109375 0.15925925925925927
12 0.04765625 0.2671296296296296 0.0953125 0.21944444444444444
7 0.1015625 0.28425925925925927 0.0671875 0.15092592592592594
6 0.18072916666666666 0.3037037037037037 0.06927083333333334 0.15092592592592594
1 0.8505208333333333 0.38425925925925924 0.1375 0.17962962962962964
2 0.9671875 0.3939814814814815 0.065625 0.15092592592592594
10 0.022395833333333334 0.4393518518518518 0.04479166666666667 0.11944444444444445
8 0.13177083333333334 0.44722222222222224 0.12708333333333333 0.1824074074074074
0 0.8994791666666667 0.4842592592592593 0.11770833333333333 0.0824074074074074
13 0.05572916666666667 0.5916666666666667 0.11145833333333334 0.1648148148148148
11 0.9286458333333333 0.5939814814814814 0.14270833333333333 0.2212962962962963
4 0.9434895833333333 0.7319444444444444 0.11302083333333333 0.13425925925925927
3 0.9575520833333333 0.9013888888888889 0.08489583333333334 0.17314814814814813
14 0.8364583333333333 0.21851851851851853 0.109375 0.15925925925925927