14 0.7234375 0.29814814814814816 0.121875 0.17777777777777778
10 0.5427083333333333 0.33425925925925926 0.06875 0.1037037037037037
11 0.35989583333333336 0.3638888888888889 0.08645833333333333 0.1537037037037037
12 0.44479166666666664 0.38981481481481484 0.12291666666666666 0.21851851851851853
6 0.26510416666666664 0.39166666666666666 0.09479166666666666 0.1388888888888889
10 0.5213541666666667 0.4046296296296296 0.011458333333333333 0.011111111111111112
1 0.6994791666666667 0.45092592592592595 0.11041666666666666 0.14629629629629629
2 0.5864583333333333 0.4703703703703704 0.1 0.13703703703703704
10 0.453125 0.5194444444444445 0.08125 0.14444444444444443
8 0.33958333333333335 0.5268518518518519 0.10104166666666667 0.17777777777777778
0 0.64375 0.5555555555555556 0.08645833333333333 0.1537037037037037
15 0.5223958333333333 0.6185185185185185 0.0875 0.1537037037037037
13 0.41354166666666664 0.65 0.09791666666666667 0.17407407407407408
11 0.6203125 0.6805555555555556 0.11770833333333333 0.20925925925925926
4 0.5963541666666666 0.7703703703703704 0.084375 0.15
5 0.4921875 0.7759259259259259 0.10520833333333333 0.18703703703703703
3 0.5666666666666667 0.8953703703703704 0.115625 0.20555555555555555
14 0.8390625 0.29814814814814816 0.11302083333333333 0.15555555555555556
10 0.9927083333333333 0.3337962962962963 0.014583333333333334 0.10277777777777777
11 0.07760416666666667 0.3638888888888889 0.0703125 0.1685185185185185
12 0.029947916666666668 0.38981481481481484 0.059895833333333336 0.17592592592592593
6 0.17239583333333333 0.39166666666666666 0.09270833333333334 0.13425925925925927
1 0.8630208333333333 0.45092592592592595 0.109375 0.14166666666666666
2 0.9635416666666666 0.4699074074074074 0.07291666666666667 0.13240740740740742
10 0.016145833333333335 0.5194444444444445 0.03229166666666667 0.09814814814814815
8 0.09791666666666667 0.5268518518518519 0.10520833333333333 0.14444444444444443
0 0.91875 0.5555555555555556 0.1125 0.10092592592592593
13 0.03854166666666667 0.65 0.07708333333333334 0.13703703703703704
11 0.9385416666666667 0.6800925925925926 0.12291666666666666 0.18425925925925926
4 0.9575520833333333 0.7699074074074074 0.08489583333333334 0.09166666666666666
3 0.9653645833333333 0.8949074074074074 0.06927083333333334 0.15092592592592594