14 0.7234375 0.29814814814814816 0.11302083333333333 0.15555555555555556
10 0.5427083333333333 0.33425925925925926 0.06822916666666666 0.10277777777777777
11 0.35989583333333336 0.3638888888888889 0.0703125 0.1685185185185185
12 0.44479166666666664 0.38981481481481484 0.134375 0.17592592592592593
6 0.26510416666666664 0.39166666666666666 0.09270833333333334 0.13425925925925927
10 0.5213541666666667 0.4046296296296296 0.0109375 0.009259259259259259
1 0.6994791666666667 0.45185185185185184 0.109375 0.14166666666666666
2 0.5864583333333333 0.4703703703703704 0.09739583333333333 0.13240740740740742
10 0.45364583333333336 0.5194444444444445 0.0953125 0.09814814814814815
8 0.33958333333333335 0.5268518518518519 0.10520833333333333 0.14444444444444443
0 0.64375 0.5564814814814815 0.1125 0.10092592592592593
15 0.5223958333333333 0.6185185185185185 0.08697916666666666 0.13703703703703704
13 0.41354166666666664 0.65 0.10677083333333333 0.13703703703703704
11 0.6203125 0.6805555555555556 0.1296875 0.18425925925925926
4 0.5963541666666666 0.7703703703703704 0.1015625 0.09166666666666666
5 0.4921875 0.7759259259259259 0.11510416666666666 0.13703703703703704
3 0.5666666666666667 0.8953703703703704 0.1296875 0.15092592592592594
14 0.8390625 0.29814814814814816 0.11302083333333333 0.15555555555555556
10 0.9927083333333333 0.3337962962962963 0.014583333333333334 0.10277777777777777
11 0.07760416666666667 0.3638888888888889 0.0703125 0.1685185185185185
12 0.029947916666666668 0.38981481481481484 0.059895833333333336 0.17592592592592593
6 0.17239583333333333 0.39166666666666666 0.09270833333333334 0.13425925925925927
1 0.8630208333333333 0.45185185185185184 0.109375 0.14166666666666666
2 0.9635416666666666 0.4699074074074074 0.07291666666666667 0.13240740740740742
10 0.015625 0.5194444444444445 0.03125 0.09814814814814815
8 0.09791666666666667 0.5268518518518519 0.10520833333333333 0.14444444444444443
0 0.91875 0.5564814814814815 0.1125 0.10092592592592593
13 0.03854166666666667 0.65 0.07708333333333334 0.13703703703703704
11 0.9385416666666667 0.6800925925925926 0.12291666666666666 0.18425925925925926
4 0.9575520833333333 0.7699074074074074 0.08489583333333334 0.09166666666666666
3 0.9653645833333333 0.8949074074074074 0.06927083333333334 0.15092592592592594