14 0.2864583333333333 0.2935185185185185 0.09479166666666666 0.1685185185185185
9 0.3953125 0.2953703703703704 0.08645833333333333 0.1537037037037037
6 0.5078125 0.2962962962962963 0.09895833333333333 0.17592592592592593
7 0.6130208333333333 0.30092592592592593 0.109375 0.12962962962962962
12 0.7192708333333333 0.3055555555555556 0.09791666666666667 0.17407407407407408
11 0.321875 0.412962962962963 0.11979166666666667 0.1425925925925926
2 0.5588541666666667 0.42407407407407405 0.10104166666666667 0.17962962962962964
13 0.6770833333333334 0.4287037037037037 0.1 0.17592592592592593
8 0.5192708333333333 0.5296296296296297 0.09375 0.18333333333333332
1 0.321875 0.5435185185185185 0.06875 0.12222222222222222
4 0.6223958333333334 0.549074074074074 0.115625 0.20555555555555555
0 0.421875 0.562962962962963 0.15625 0.22777777777777777
15 0.5729166666666666 0.7129629629629629 0.13854166666666667 0.2037037037037037
10 0.425 0.7212962962962963 0.11979166666666667 0.1425925925925926
5 0.48463541666666665 0.8805555555555555 0.17552083333333332 0.2388888888888889
14 0.15104166666666666 0.2935185185185185 0.109375 0.11851851851851852
9 0.048177083333333336 0.2953703703703704 0.09635416666666667 0.09444444444444444
7 0.9484375 0.30092592592592593 0.103125 0.11851851851851852
12 0.8432291666666667 0.3055555555555556 0.11666666666666667 0.125
11 0.115625 0.412962962962963 0.11666666666666667 0.13240740740740742
2 0.97265625 0.4236111111111111 0.0546875 0.14166666666666666
13 0.8854166666666666 0.4287037037037037 0.11302083333333333 0.12314814814814815
1 0.115625 0.5435185185185185 0.05677083333333333 0.13703703703703704
4 0.9364583333333333 0.5486111111111112 0.12708333333333333 0.1638888888888889
0 0.0453125 0.5625 0.090625 0.21388888888888888
15 0.9622395833333334 0.7125 0.07552083333333333 0.1824074074074074
10 0.03567708333333333 0.7208333333333333 0.07135416666666666 0.13425925925925927
5 0.016927083333333332 0.8851851851851852 0.033854166666666664 0.21851851851851853