14 0.2859375 0.2935185185185185 0.09166666666666666 0.16296296296296298
9 0.3953125 0.29444444444444445 0.08645833333333333 0.15555555555555556
6 0.5078125 0.2962962962962963 0.10416666666666667 0.18518518518518517
7 0.6130208333333333 0.30092592592592593 0.09166666666666666 0.16296296296296298
12 0.7192708333333333 0.3055555555555556 0.1 0.17777777777777778
11 0.321875 0.412962962962963 0.10104166666666667 0.17962962962962964
2 0.5588541666666667 0.42407407407407405 0.103125 0.18333333333333332
13 0.6770833333333334 0.4287037037037037 0.09895833333333333 0.17407407407407408
8 0.5192708333333333 0.5296296296296297 0.103125 0.19814814814814816
1 0.32135416666666666 0.5435185185185185 0.06875 0.12222222222222222
4 0.6223958333333334 0.549074074074074 0.13541666666666666 0.16666666666666666
0 0.421875 0.562962962962963 0.14583333333333334 0.25925925925925924
15 0.5729166666666666 0.712037037037037 0.12395833333333334 0.21851851851851853
10 0.425 0.7212962962962963 0.10520833333333333 0.18703703703703703
5 0.484375 0.875462962962963 0.15 0.2490740740740741
14 0.1515625 0.2935185185185185 0.11041666666666666 0.11851851851851852
9 0.048177083333333336 0.29444444444444445 0.09635416666666667 0.09444444444444444
7 0.9484375 0.30092592592592593 0.103125 0.11851851851851852
12 0.8432291666666667 0.3055555555555556 0.11666666666666667 0.125
11 0.115625 0.412962962962963 0.11666666666666667 0.13240740740740742
2 0.97265625 0.4236111111111111 0.0546875 0.14166666666666666
13 0.8854166666666666 0.4287037037037037 0.11302083333333333 0.12314814814814815
1 0.11614583333333334 0.5435185185185185 0.0578125 0.13703703703703704
4 0.9364583333333333 0.5486111111111112 0.12708333333333333 0.1638888888888889
0 0.0453125 0.5625 0.090625 0.21388888888888888
15 0.9622395833333334 0.711574074074074 0.07552083333333333 0.1824074074074074
10 0.03567708333333333 0.7208333333333333 0.07135416666666666 0.13425925925925927
5 0.016927083333333332 0.8851851851851852 0.033854166666666664 0.21851851851851853