14 0.2859375 0.2935185185185185 0.11041666666666666 0.11851851851851852
9 0.3953125 0.29444444444444445 0.10885416666666667 0.09444444444444444
6 0.5078125 0.2962962962962963 0.11927083333333334 0.12777777777777777
7 0.6130208333333333 0.30092592592592593 0.10520833333333333 0.11851851851851852
12 0.7192708333333333 0.3055555555555556 0.11666666666666667 0.125
11 0.321875 0.412962962962963 0.11666666666666667 0.13240740740740742
2 0.5588541666666667 0.42407407407407405 0.11666666666666667 0.14166666666666666
13 0.6770833333333334 0.4287037037037037 0.11302083333333333 0.12314814814814815
8 0.5192708333333333 0.5296296296296297 0.0921875 0.18055555555555555
1 0.32135416666666666 0.5435185185185185 0.0578125 0.13703703703703704
4 0.6223958333333334 0.549074074074074 0.134375 0.1638888888888889
0 0.421875 0.562962962962963 0.15 0.21388888888888888
15 0.5729166666666666 0.712037037037037 0.1296875 0.1824074074074074
10 0.425 0.7212962962962963 0.11770833333333333 0.13425925925925927
5 0.48489583333333336 0.8851851851851852 0.16302083333333334 0.21851851851851853
14 0.1515625 0.2935185185185185 0.11041666666666666 0.11851851851851852
9 0.048177083333333336 0.29444444444444445 0.09635416666666667 0.09444444444444444
7 0.9484375 0.30092592592592593 0.103125 0.11851851851851852
12 0.8432291666666667 0.3055555555555556 0.11666666666666667 0.125
11 0.115625 0.412962962962963 0.11666666666666667 0.13240740740740742
2 0.97265625 0.4236111111111111 0.0546875 0.14166666666666666
13 0.8854166666666666 0.4287037037037037 0.11302083333333333 0.12314814814814815
1 0.11614583333333334 0.5435185185185185 0.0578125 0.13703703703703704
4 0.9364583333333333 0.5486111111111112 0.12708333333333333 0.1638888888888889
0 0.0453125 0.5625 0.090625 0.21388888888888888
15 0.9622395833333334 0.711574074074074 0.07552083333333333 0.1824074074074074
10 0.03567708333333333 0.7208333333333333 0.07135416666666666 0.13425925925925927
5 0.016927083333333332 0.8851851851851852 0.033854166666666664 0.21851851851851853