0 0.5359375 0.3824074074074074 0.08229166666666667 0.14629629629629629
6 0.371875 0.4148148148148148 0.115625 0.20555555555555555
13 0.4630208333333333 0.47962962962962963 0.090625 0.13518518518518519
4 0.5911458333333334 0.5037037037037037 0.11875 0.22592592592592592
3 0.4921875 0.65 0.12708333333333333 0.22592592592592592
11 0.3796875 0.6592592592592592 0.12291666666666666 0.21851851851851853
15 0.5651041666666666 0.6694444444444444 0.05 0.08888888888888889
12 0.6302083333333334 0.7277777777777777 0.10416666666666667 0.18518518518518517
2 0.4578125 0.7898148148148149 0.08020833333333334 0.14629629629629629
1 0.5515625 0.8574074074074074 0.10104166666666667 0.2037037037037037
5 0.6166666666666667 0.08703703703703704 0.08229166666666667 0.14814814814814814
14 0.63828125 0.9143518518518519 0.09635416666666667 0.1712962962962963
8 0.5364583333333334 0.17777777777777778 0.109375 0.19444444444444445
7 0.6192708333333333 0.2777777777777778 0.090625 0.21851851851851853
10 0.45989583333333334 0.28425925925925927 0.11145833333333334 0.19814814814814816
6 0.065625 0.4148148148148148 0.08125 0.2324074074074074
4 0.95859375 0.5037037037037037 0.0828125 0.2074074074074074
11 0.0578125 0.6592592592592592 0.0953125 0.2574074074074074
15 0.9888020833333333 0.6689814814814815 0.022395833333333334 0.10277777777777777
12 0.9322916666666666 0.7277777777777777 0.0921875 0.2
2 0.008072916666666667 0.7893518518518519 0.016145833333333335 0.13425925925925927
1 0.9830729166666666 0.8574074074074074 0.033854166666666664 0.18703703703703703
5 0.9458333333333333 0.08703703703703704 0.06822916666666666 0.1648148148148148
14 0.9239583333333333 0.9148148148148149 0.0875 0.1685185185185185
8 0.9911458333333333 0.17777777777777778 0.017708333333333333 0.2074074074074074
7 0.9432291666666667 0.2777777777777778 0.084375 0.20925925925925926
10 0.008333333333333333 0.28425925925925927 0.016666666666666666 0.22592592592592592