0 0.5359375 0.3824074074074074 0.08125 0.16296296296296298
6 0.371875 0.4148148148148148 0.10833333333333334 0.1925925925925926
13 0.4630208333333333 0.47962962962962963 0.07604166666666666 0.13518518518518519
4 0.5911458333333334 0.5037037037037037 0.11875 0.22592592592592592
3 0.4921875 0.65 0.109375 0.25555555555555554
11 0.3796875 0.6592592592592592 0.10104166666666667 0.26296296296296295
15 0.5651041666666666 0.6694444444444444 0.053125 0.09444444444444444
12 0.6302083333333334 0.7277777777777777 0.10833333333333334 0.1925925925925926
2 0.4578125 0.7898148148148149 0.078125 0.1388888888888889
1 0.5515625 0.8574074074074074 0.09270833333333334 0.1925925925925926
5 0.6166666666666667 0.08703703703703704 0.071875 0.1685185185185185
14 0.63828125 0.9125 0.09427083333333333 0.175
8 0.5364583333333334 0.17777777777777778 0.109375 0.19444444444444445
7 0.6192708333333333 0.2777777777777778 0.11041666666666666 0.1962962962962963
10 0.45989583333333334 0.28425925925925927 0.10729166666666666 0.19074074074074074
6 0.065625 0.4148148148148148 0.08125 0.2324074074074074
4 0.95859375 0.5037037037037037 0.0828125 0.2074074074074074
11 0.0578125 0.6592592592592592 0.0953125 0.2574074074074074
15 0.9888020833333333 0.6689814814814815 0.022395833333333334 0.10277777777777777
12 0.9322916666666666 0.7277777777777777 0.0921875 0.2
2 0.008072916666666667 0.7893518518518519 0.016145833333333335 0.13425925925925927
1 0.9830729166666666 0.8574074074074074 0.033854166666666664 0.18703703703703703
5 0.9458333333333333 0.08703703703703704 0.06822916666666666 0.1648148148148148
14 0.9239583333333333 0.9148148148148149 0.0875 0.1685185185185185
8 0.9911458333333333 0.17777777777777778 0.017708333333333333 0.2074074074074074
7 0.9432291666666667 0.2777777777777778 0.084375 0.20925925925925926
10 0.008333333333333333 0.28425925925925927 0.016666666666666666 0.22592592592592592