0 0.5364583333333334 0.3824074074074074 0.08958333333333333 0.15925925925925927
6 0.371875 0.4148148148148148 0.115625 0.20555555555555555
13 0.4630208333333333 0.47962962962962963 0.078125 0.13703703703703704
4 0.5916666666666667 0.5037037037037037 0.1125 0.21296296296296297
3 0.4921875 0.65 0.13020833333333334 0.23148148148148148
11 0.37916666666666665 0.6592592592592592 0.128125 0.22777777777777777
15 0.5651041666666666 0.6703703703703704 0.04375 0.10555555555555556
12 0.6302083333333334 0.7277777777777777 0.10833333333333334 0.1925925925925926
2 0.4578125 0.7898148148148149 0.07291666666666667 0.13518518518518519
1 0.5515625 0.8574074074074074 0.09895833333333333 0.17777777777777778
5 0.6166666666666667 0.08703703703703704 0.071875 0.1685185185185185
14 0.63828125 0.912962962962963 0.09947916666666666 0.17407407407407408
8 0.5364583333333334 0.17777777777777778 0.10208333333333333 0.1814814814814815
7 0.6192708333333333 0.2777777777777778 0.10625 0.18888888888888888
10 0.45989583333333334 0.28425925925925927 0.103125 0.18333333333333332
6 0.065625 0.4148148148148148 0.08125 0.2324074074074074
4 0.9583333333333334 0.5037037037037037 0.08333333333333333 0.2074074074074074
11 0.058333333333333334 0.6592592592592592 0.09635416666666667 0.2574074074074074
15 0.9888020833333333 0.6699074074074074 0.022395833333333334 0.10092592592592593
12 0.9322916666666666 0.7277777777777777 0.0921875 0.2
2 0.008072916666666667 0.7893518518518519 0.016145833333333335 0.13425925925925927
1 0.9830729166666666 0.8574074074074074 0.033854166666666664 0.18703703703703703
5 0.9458333333333333 0.08703703703703704 0.06822916666666666 0.1648148148148148
14 0.9239583333333333 0.9148148148148149 0.0875 0.1685185185185185
8 0.9911458333333333 0.17777777777777778 0.017708333333333333 0.2074074074074074
7 0.9432291666666667 0.2777777777777778 0.084375 0.20925925925925926
10 0.008333333333333333 0.28425925925925927 0.016666666666666666 0.22592592592592592