0 0.5364583333333334 0.3824074074074074 0.075 0.1574074074074074
6 0.371875 0.4148148148148148 0.08854166666666667 0.24074074074074073
13 0.4630208333333333 0.47962962962962963 0.08229166666666667 0.14444444444444443
4 0.5916666666666667 0.5037037037037037 0.1125 0.21481481481481482
3 0.4921875 0.65 0.128125 0.22962962962962963
11 0.37916666666666665 0.6592592592592592 0.128125 0.22777777777777777
15 0.5651041666666666 0.6703703703703704 0.042708333333333334 0.10555555555555556
12 0.6302083333333334 0.7277777777777777 0.11041666666666666 0.1962962962962963
2 0.4578125 0.7898148148148149 0.07916666666666666 0.14074074074074075
1 0.5515625 0.8574074074074074 0.10416666666666667 0.18518518518518517
5 0.6166666666666667 0.08703703703703704 0.07604166666666666 0.17407407407407408
14 0.63828125 0.9120370370370371 0.1015625 0.17592592592592593
8 0.5364583333333334 0.17777777777777778 0.10625 0.18888888888888888
7 0.6192708333333333 0.2777777777777778 0.11145833333333334 0.1962962962962963
10 0.45989583333333334 0.28425925925925927 0.084375 0.23148148148148148
6 0.065625 0.4148148148148148 0.08125 0.2324074074074074
4 0.9583333333333334 0.5037037037037037 0.08333333333333333 0.2074074074074074
11 0.058333333333333334 0.6592592592592592 0.09635416666666667 0.2574074074074074
15 0.9888020833333333 0.6699074074074074 0.022395833333333334 0.10092592592592593
12 0.9322916666666666 0.7277777777777777 0.0921875 0.2
2 0.008072916666666667 0.7893518518518519 0.016145833333333335 0.13425925925925927
1 0.9830729166666666 0.8574074074074074 0.033854166666666664 0.18703703703703703
5 0.9458333333333333 0.08703703703703704 0.06822916666666666 0.1648148148148148
14 0.9239583333333333 0.9148148148148149 0.0875 0.1685185185185185
8 0.9911458333333333 0.17777777777777778 0.017708333333333333 0.2074074074074074
7 0.9432291666666667 0.2777777777777778 0.084375 0.20925925925925926
10 0.008333333333333333 0.28425925925925927 0.016666666666666666 0.22592592592592592