6 0.5609375 0.04814814814814815 0.07083333333333333 0.0962962962962963
5 0.33958333333333335 0.47962962962962963 0.14166666666666666 0.2518518518518518
13 0.44583333333333336 0.5259259259259259 0.10104166666666667 0.17777777777777778
3 0.5604166666666667 0.5722222222222222 0.18854166666666666 0.3333333333333333
12 0.6932291666666667 0.625 0.12708333333333333 0.22592592592592592
11 0.37864583333333335 0.7944444444444444 0.19166666666666668 0.34074074074074073
1 0.646875 0.8583333333333333 0.11145833333333334 0.2777777777777778
2 0.5161458333333333 0.8694444444444445 0.125 0.2222222222222222
14 0.7416666666666667 0.887962962962963 0.07604166666666666 0.21481481481481482
8 0.49114583333333334 0.1259259259259259 0.103125 0.18518518518518517
7 0.5859375 0.15462962962962962 0.09479166666666666 0.12407407407407407
10 0.4197916666666667 0.2851851851851852 0.10729166666666666 0.19074074074074074
4 0.628125 0.31203703703703706 0.153125 0.2722222222222222
0 0.521875 0.32314814814814813 0.07916666666666666 0.1425925925925926
6 0.98359375 0.046296296296296294 0.0328125 0.09259259259259259
5 0.09791666666666667 0.47962962962962963 0.12552083333333333 0.275
13 0.015625 0.5254629629629629 0.03125 0.2101851851851852
3 0.9627604166666667 0.5717592592592593 0.07447916666666667 0.39166666666666666
12 0.8692708333333333 0.625 0.109375 0.25
11 0.06744791666666666 0.7944444444444444 0.13489583333333333 0.34629629629629627
1 0.915625 0.8583333333333333 0.10416666666666667 0.26944444444444443
14 0.8208333333333333 0.887962962962963 0.06927083333333334 0.2074074074074074
7 0.9658854166666667 0.15416666666666667 0.06822916666666666 0.11018518518518519
10 0.03203125 0.2851851851851852 0.0640625 0.1962962962962963
4 0.9309895833333334 0.31157407407407406 0.13802083333333334 0.25277777777777777