6 0.5606770833333333 0.05092592592592592 0.06302083333333333 0.10185185185185185
5 0.33958333333333335 0.47962962962962963 0.15 0.26666666666666666
13 0.44583333333333336 0.5268518518518519 0.10833333333333334 0.1925925925925926
3 0.5604166666666667 0.5722222222222222 0.19270833333333334 0.3425925925925926
12 0.69375 0.625 0.1375 0.24444444444444444
11 0.37864583333333335 0.7944444444444444 0.17916666666666667 0.31851851851851853
1 0.646875 0.8583333333333333 0.1125 0.2796296296296296
2 0.5161458333333333 0.8694444444444445 0.12916666666666668 0.23148148148148148
14 0.7416666666666667 0.887962962962963 0.10208333333333333 0.1814814814814815
8 0.49114583333333334 0.1259259259259259 0.1 0.17777777777777778
7 0.5859375 0.15462962962962962 0.09479166666666666 0.12407407407407407
10 0.4197916666666667 0.2851851851851852 0.11041666666666666 0.1962962962962963
4 0.6286458333333333 0.31203703703703706 0.159375 0.2796296296296296
0 0.521875 0.32314814814814813 0.07395833333333333 0.13148148148148148
6 0.98359375 0.046296296296296294 0.0328125 0.09259259259259259
5 0.09791666666666667 0.47962962962962963 0.12552083333333333 0.275
13 0.015625 0.5263888888888889 0.03125 0.2101851851851852
3 0.9627604166666667 0.5717592592592593 0.07447916666666667 0.39166666666666666
12 0.86875 0.625 0.109375 0.25
11 0.06744791666666666 0.7944444444444444 0.13489583333333333 0.34629629629629627
1 0.915625 0.8583333333333333 0.10416666666666667 0.26944444444444443
14 0.8208333333333333 0.887962962962963 0.06927083333333334 0.2074074074074074
7 0.9658854166666667 0.15416666666666667 0.06822916666666666 0.11018518518518519
10 0.03203125 0.2851851851851852 0.0640625 0.1962962962962963
4 0.9307291666666667 0.31157407407407406 0.13854166666666667 0.25277777777777777