6 0.5611979166666666 0.046296296296296294 0.0671875 0.09259259259259259
5 0.33958333333333335 0.47962962962962963 0.12552083333333333 0.275
13 0.44583333333333336 0.5259259259259259 0.0796875 0.2101851851851852
3 0.5604166666666667 0.5722222222222222 0.15260416666666668 0.39166666666666666
12 0.6932291666666667 0.625 0.109375 0.25
11 0.37864583333333335 0.7944444444444444 0.15260416666666668 0.34629629629629627
1 0.646875 0.8583333333333333 0.10416666666666667 0.26944444444444443
2 0.5161458333333333 0.8694444444444445 0.11302083333333333 0.2324074074074074
14 0.7416666666666667 0.887962962962963 0.06927083333333334 0.2074074074074074
8 0.49114583333333334 0.1259259259259259 0.0875 0.18981481481481483
7 0.5859375 0.15462962962962962 0.08958333333333333 0.11018518518518519
10 0.4197916666666667 0.2851851851851852 0.09270833333333334 0.1962962962962963
4 0.628125 0.31203703703703706 0.14479166666666668 0.25277777777777777
0 0.521875 0.32314814814814813 0.0703125 0.13703703703703704
6 0.98359375 0.046296296296296294 0.0328125 0.09259259259259259
5 0.09791666666666667 0.47962962962962963 0.12552083333333333 0.275
13 0.015625 0.5254629629629629 0.03125 0.2101851851851852
3 0.9627604166666667 0.5717592592592593 0.07447916666666667 0.39166666666666666
12 0.8692708333333333 0.625 0.109375 0.25
11 0.06744791666666666 0.7944444444444444 0.13489583333333333 0.34629629629629627
1 0.915625 0.8583333333333333 0.10416666666666667 0.26944444444444443
14 0.8208333333333333 0.887962962962963 0.06927083333333334 0.2074074074074074
7 0.9658854166666667 0.15416666666666667 0.06822916666666666 0.11018518518518519
10 0.03203125 0.2851851851851852 0.0640625 0.1962962962962963
4 0.9309895833333334 0.31157407407407406 0.13802083333333334 0.25277777777777777