5 0.3796875 0.3611111111111111 0.1 0.17777777777777778
13 0.4552083333333333 0.42407407407407405 0.05520833333333333 0.09814814814814815
4 0.5416666666666666 0.46296296296296297 0.1125 0.2
9 0.6182291666666667 0.4861111111111111 0.06354166666666666 0.20925925925925926
11 0.3729166666666667 0.5666666666666667 0.07708333333333334 0.19814814814814816
12 0.6005208333333333 0.7018518518518518 0.1125 0.2
2 0.43697916666666664 0.7148148148148148 0.065625 0.11481481481481481
1 0.5151041666666667 0.7907407407407407 0.096875 0.17407407407407408
6 0.615625 0.08194444444444444 0.09270833333333334 0.1638888888888889
14 0.6005208333333333 0.912962962962963 0.09583333333333334 0.17037037037037037
8 0.5265625 0.15925925925925927 0.078125 0.2111111111111111
7 0.6104166666666667 0.2638888888888889 0.11666666666666667 0.2074074074074074
10 0.4546875 0.26481481481481484 0.090625 0.16111111111111112
0 0.528125 0.32407407407407407 0.053125 0.09444444444444444
5 0.0578125 0.3611111111111111 0.0671875 0.21388888888888888
13 0.006510416666666667 0.4236111111111111 0.013020833333333334 0.0824074074074074
4 0.9846354166666667 0.46296296296296297 0.030729166666666665 0.21666666666666667
9 0.9442708333333333 0.4861111111111111 0.059375 0.20462962962962963
11 0.06458333333333334 0.5666666666666667 0.07447916666666667 0.1962962962962963
12 0.9578125 0.7013888888888888 0.084375 0.20462962962962963
2 0.016145833333333335 0.7143518518518519 0.03229166666666667 0.11388888888888889
6 0.94609375 0.07962962962962963 0.08697916666666666 0.15925925925925927
14 0.9583333333333334 0.9125 0.08333333333333333 0.16018518518518518
7 0.9520833333333333 0.2638888888888889 0.09479166666666666 0.21203703703703702
10 0.008854166666666666 0.26481481481481484 0.017708333333333333 0.1962962962962963