5 0.3796875 0.3611111111111111 0.09791666666666667 0.17407407407407408
13 0.4546875 0.42314814814814816 0.057291666666666664 0.10185185185185185
4 0.5416666666666666 0.462037037037037 0.115625 0.23703703703703705
9 0.6182291666666667 0.4861111111111111 0.090625 0.16111111111111112
11 0.3729166666666667 0.5666666666666667 0.09479166666666666 0.1685185185185185
12 0.6005208333333333 0.7018518518518518 0.10416666666666667 0.22037037037037038
2 0.43697916666666664 0.7148148148148148 0.06666666666666667 0.11851851851851852
1 0.5145833333333333 0.7898148148148149 0.08541666666666667 0.18703703703703703
6 0.615625 0.08055555555555556 0.09166666666666666 0.16111111111111112
14 0.6002604166666666 0.9125 0.0984375 0.175
8 0.5260416666666666 0.15925925925925927 0.10208333333333333 0.1814814814814815
7 0.6104166666666667 0.2638888888888889 0.10208333333333333 0.2222222222222222
10 0.4546875 0.26481481481481484 0.096875 0.17037037037037037
0 0.528125 0.32407407407407407 0.06041666666666667 0.07222222222222222
5 0.0578125 0.3611111111111111 0.0671875 0.21388888888888888
13 0.0067708333333333336 0.42268518518518516 0.013541666666666667 0.08425925925925926
4 0.9846354166666667 0.462037037037037 0.030729166666666665 0.21851851851851853
9 0.9442708333333333 0.4861111111111111 0.059375 0.20462962962962963
11 0.06458333333333334 0.5666666666666667 0.07447916666666667 0.1962962962962963
12 0.9578125 0.7013888888888888 0.084375 0.20462962962962963
2 0.016145833333333335 0.7143518518518519 0.03229166666666667 0.11388888888888889
6 0.94609375 0.07962962962962963 0.08697916666666666 0.15925925925925927
14 0.9583333333333334 0.9125 0.08333333333333333 0.16018518518518518
7 0.9520833333333333 0.2638888888888889 0.09479166666666666 0.21203703703703702
10 0.008854166666666666 0.26481481481481484 0.017708333333333333 0.1962962962962963