0 0.5307291666666667 0.3925925925925926 0.08958333333333333 0.16111111111111112
5 0.3104166666666667 0.4703703703703704 0.0875 0.15555555555555556
13 0.3958333333333333 0.4777777777777778 0.11458333333333333 0.2037037037037037
3 0.4666666666666667 0.4842592592592593 0.08541666666666667 0.15185185185185185
9 0.6041666666666666 0.49444444444444446 0.09166666666666666 0.21296296296296297
15 0.5276041666666667 0.5953703703703703 0.1 0.17777777777777778
11 0.384375 0.6296296296296297 0.08020833333333334 0.1425925925925926
2 0.4552083333333333 0.6916666666666667 0.07916666666666666 0.22777777777777777
12 0.603125 0.7092592592592593 0.11458333333333333 0.2037037037037037
1 0.5239583333333333 0.8101851851851852 0.084375 0.1962962962962963
14 0.5979166666666667 0.9046296296296297 0.09895833333333333 0.17407407407407408
6 0.6098958333333333 0.10833333333333334 0.09479166666666666 0.20185185185185187
8 0.5354166666666667 0.18981481481481483 0.096875 0.17222222222222222
10 0.4630208333333333 0.28425925925925927 0.08958333333333333 0.15925925925925927
7 0.6067708333333334 0.30092592592592593 0.096875 0.17222222222222222
4 0.39114583333333336 0.33240740740740743 0.06979166666666667 0.12407407407407407
5 0.12708333333333333 0.4703703703703704 0.0796875 0.16944444444444445
13 0.04583333333333333 0.4777777777777778 0.09166666666666666 0.21851851851851853
9 0.9580729166666667 0.49398148148148147 0.08385416666666666 0.20462962962962963
11 0.053125 0.6296296296296297 0.08697916666666666 0.10277777777777777
2 0.008333333333333333 0.6916666666666667 0.016666666666666666 0.21851851851851853
12 0.95703125 0.7092592592592593 0.0859375 0.2074074074074074
14 0.9596354166666666 0.9041666666666667 0.08072916666666667 0.1824074074074074
6 0.9526041666666667 0.10833333333333334 0.08333333333333333 0.18518518518518517
7 0.9557291666666666 0.30092592592592593 0.08489583333333334 0.18055555555555555
4 0.04635416666666667 0.33240740740740743 0.078125 0.08703703703703704