0 0.5307291666666667 0.3925925925925926 0.08854166666666667 0.15925925925925927
5 0.3098958333333333 0.4703703703703704 0.08645833333333333 0.17962962962962964
13 0.3958333333333333 0.4777777777777778 0.11145833333333334 0.23333333333333334
3 0.4666666666666667 0.4842592592592593 0.058333333333333334 0.18888888888888888
9 0.6041666666666666 0.4935185185185185 0.08854166666666667 0.20925925925925926
15 0.5276041666666667 0.5953703703703703 0.103125 0.18333333333333332
11 0.384375 0.6296296296296297 0.08020833333333334 0.1425925925925926
2 0.4546875 0.6916666666666667 0.10625 0.18888888888888888
12 0.603125 0.7092592592592593 0.11041666666666666 0.1962962962962963
1 0.5239583333333333 0.8101851851851852 0.08645833333333333 0.2
14 0.5979166666666667 0.9046296296296297 0.10104166666666667 0.17962962962962964
6 0.6098958333333333 0.10740740740740741 0.09583333333333334 0.17037037037037037
8 0.5348958333333333 0.18888888888888888 0.10520833333333333 0.18518518518518517
10 0.4630208333333333 0.28425925925925927 0.08854166666666667 0.1574074074074074
7 0.6067708333333334 0.30092592592592593 0.090625 0.18888888888888888
4 0.390625 0.33240740740740743 0.06666666666666667 0.11851851851851852
5 0.12760416666666666 0.4703703703703704 0.08072916666666667 0.16944444444444445
13 0.04583333333333333 0.4777777777777778 0.09166666666666666 0.21851851851851853
9 0.9580729166666667 0.4935185185185185 0.08385416666666666 0.20555555555555555
11 0.053125 0.6296296296296297 0.08697916666666666 0.10277777777777777
2 0.00859375 0.6916666666666667 0.0171875 0.21851851851851853
12 0.95703125 0.7092592592592593 0.0859375 0.2074074074074074
14 0.9596354166666666 0.9041666666666667 0.08072916666666667 0.18425925925925926
6 0.9526041666666667 0.10740740740740741 0.08333333333333333 0.18518518518518517
7 0.9557291666666666 0.30092592592592593 0.08489583333333334 0.18055555555555555
4 0.046875 0.33240740740740743 0.078125 0.08703703703703704