0 0.5307291666666667 0.3925925925925926 0.08958333333333333 0.16111111111111112
5 0.3098958333333333 0.4703703703703704 0.08854166666666667 0.1574074074074074
13 0.3958333333333333 0.4777777777777778 0.12395833333333334 0.22037037037037038
3 0.4666666666666667 0.4842592592592593 0.0625 0.1925925925925926
9 0.6041666666666666 0.4935185185185185 0.0875 0.20925925925925926
15 0.5276041666666667 0.5953703703703703 0.1 0.17777777777777778
11 0.384375 0.6296296296296297 0.08958333333333333 0.10925925925925926
2 0.4546875 0.6916666666666667 0.10104166666666667 0.17962962962962964
12 0.603125 0.7092592592592593 0.103125 0.18333333333333332
1 0.5239583333333333 0.8101851851851852 0.096875 0.17037037037037037
14 0.5979166666666667 0.9046296296296297 0.09895833333333333 0.17592592592592593
6 0.6098958333333333 0.10740740740740741 0.10208333333333333 0.1814814814814815
8 0.5354166666666667 0.18981481481481483 0.08541666666666667 0.19444444444444445
10 0.4630208333333333 0.28425925925925927 0.07395833333333333 0.17962962962962964
7 0.6067708333333334 0.30092592592592593 0.103125 0.18333333333333332
4 0.390625 0.33240740740740743 0.08333333333333333 0.10185185185185185
5 0.12760416666666666 0.4703703703703704 0.08072916666666667 0.16944444444444445
13 0.04583333333333333 0.4777777777777778 0.09166666666666666 0.21851851851851853
9 0.9580729166666667 0.4935185185185185 0.08385416666666666 0.20555555555555555
11 0.053125 0.6296296296296297 0.08697916666666666 0.10277777777777777
2 0.00859375 0.6916666666666667 0.0171875 0.21851851851851853
12 0.95703125 0.7092592592592593 0.0859375 0.2074074074074074
14 0.9596354166666666 0.9041666666666667 0.08072916666666667 0.18425925925925926
6 0.9526041666666667 0.10740740740740741 0.08333333333333333 0.18518518518518517
7 0.9557291666666666 0.30092592592592593 0.08489583333333334 0.18055555555555555
4 0.046875 0.33240740740740743 0.078125 0.08703703703703704