0 0.45416666666666666 0.3824074074074074 0.08854166666666667 0.1574074074074074
13 0.3020833333333333 0.44814814814814813 0.12291666666666666 0.21851851851851853
5 0.23541666666666666 0.4685185185185185 0.078125 0.1388888888888889
3 0.3875 0.47962962962962963 0.08854166666666667 0.1574074074074074
9 0.525 0.4842592592592593 0.08958333333333333 0.2111111111111111
15 0.4484375 0.587037037037037 0.09791666666666667 0.17407407407407408
11 0.30416666666666664 0.6185185185185185 0.08333333333333333 0.15
2 0.371875 0.6907407407407408 0.07604166666666666 0.1925925925925926
12 0.5234375 0.6981481481481482 0.090625 0.1925925925925926
1 0.44375 0.8148148148148148 0.096875 0.17222222222222222
6 0.5330729166666667 0.08703703703703704 0.09322916666666667 0.16666666666666666
14 0.5197916666666667 0.9046296296296297 0.09895833333333333 0.17592592592592593
8 0.45364583333333336 0.1814814814814815 0.071875 0.2
10 0.38385416666666666 0.27870370370370373 0.09270833333333334 0.1648148148148148
7 0.5328125 0.2851851851851852 0.090625 0.16296296296296298
4 0.3098958333333333 0.3055555555555556 0.059375 0.10555555555555556
0 0.009114583333333334 0.3819444444444444 0.018229166666666668 0.18981481481481483
13 0.13541666666666666 0.44814814814814813 0.10677083333333333 0.23425925925925925
5 0.20208333333333334 0.4685185185185185 0.03125 0.19444444444444445
3 0.05 0.47962962962962963 0.05260416666666667 0.19444444444444445
15 0.01484375 0.586574074074074 0.0296875 0.18981481481481483
11 0.13333333333333333 0.6185185185185185 0.08489583333333334 0.12777777777777777
2 0.065625 0.6907407407407408 0.06927083333333334 0.18518518518518517
1 0.015364583333333333 0.8143518518518519 0.030729166666666665 0.1824074074074074
8 0.00859375 0.1814814814814815 0.0171875 0.19444444444444445
10 0.05364583333333333 0.27870370370370373 0.06458333333333334 0.18518518518518517
4 0.12760416666666666 0.3055555555555556 0.07447916666666667 0.07592592592592592