0 0.45416666666666666 0.3824074074074074 0.09375 0.16666666666666666
13 0.3020833333333333 0.44907407407407407 0.11875 0.2111111111111111
5 0.23541666666666666 0.46944444444444444 0.035416666666666666 0.1962962962962963
3 0.3875 0.47962962962962963 0.08541666666666667 0.15185185185185185
9 0.5255208333333333 0.4842592592592593 0.1 0.17962962962962964
15 0.4484375 0.587037037037037 0.09375 0.2037037037037037
11 0.30416666666666664 0.6185185185185185 0.08125 0.14629629629629629
2 0.371875 0.6907407407407408 0.07083333333333333 0.18703703703703703
12 0.5234375 0.6990740740740741 0.10208333333333333 0.1814814814814815
1 0.44375 0.8148148148148148 0.08854166666666667 0.15925925925925927
6 0.5330729166666667 0.08703703703703704 0.0921875 0.16296296296296298
14 0.5200520833333333 0.9032407407407408 0.09947916666666666 0.1935185185185185
8 0.45364583333333336 0.1814814814814815 0.09166666666666666 0.16296296296296298
10 0.38385416666666666 0.27870370370370373 0.08645833333333333 0.1537037037037037
7 0.5328125 0.2861111111111111 0.08541666666666667 0.18333333333333332
4 0.3104166666666667 0.30648148148148147 0.059375 0.10555555555555556
0 0.009114583333333334 0.3819444444444444 0.018229166666666668 0.18981481481481483
13 0.13541666666666666 0.44907407407407407 0.10677083333333333 0.2324074074074074
5 0.20208333333333334 0.46944444444444444 0.03125 0.19444444444444445
3 0.05 0.47962962962962963 0.05260416666666667 0.19444444444444445
15 0.01484375 0.586574074074074 0.0296875 0.18981481481481483
11 0.13333333333333333 0.6185185185185185 0.08489583333333334 0.12777777777777777
2 0.065625 0.6907407407407408 0.06927083333333334 0.18518518518518517
1 0.015364583333333333 0.8143518518518519 0.030729166666666665 0.1824074074074074
8 0.00859375 0.1814814814814815 0.0171875 0.19444444444444445
10 0.05364583333333333 0.27870370370370373 0.06458333333333334 0.18518518518518517
4 0.12708333333333333 0.30648148148148147 0.07447916666666667 0.07592592592592592