15 0.4895833333333333 0.3592592592592593 0.10833333333333334 0.1925925925925926
9 0.3880208333333333 0.40185185185185185 0.10208333333333333 0.22037037037037038
13 0.621875 0.4842592592592593 0.178125 0.31666666666666665
11 0.6953125 0.49166666666666664 0.1 0.17777777777777778
3 0.5333333333333333 0.5444444444444444 0.08333333333333333 0.22407407407407406
0 0.44479166666666664 0.575 0.11041666666666666 0.2537037037037037
7 0.33541666666666664 0.600925925925926 0.140625 0.25
14 0.46770833333333334 0.0712962962962963 0.08125 0.1425925925925926
5 0.7338541666666667 0.7046296296296296 0.09895833333333333 0.28888888888888886
4 0.6291666666666667 0.7694444444444445 0.13958333333333334 0.25
10 0.5088541666666667 0.7703703703703704 0.15729166666666666 0.2796296296296296
8 0.3932291666666667 0.8324074074074074 0.14166666666666666 0.31296296296296294
6 0.2833333333333333 0.8703703703703703 0.13125 0.23333333333333334
1 0.5213541666666667 0.16944444444444445 0.0875 0.1574074074074074
12 0.428125 0.20925925925925926 0.08333333333333333 0.17222222222222222
2 0.5822916666666667 0.2972222222222222 0.10104166666666667 0.1814814814814815
9 0.049479166666666664 0.40185185185185185 0.09270833333333334 0.2074074074074074
13 0.9333333333333333 0.4837962962962963 0.13333333333333333 0.325
11 0.8671875 0.49166666666666664 0.0515625 0.24351851851851852
0 0.02109375 0.575 0.0421875 0.2388888888888889
7 0.10208333333333333 0.600925925925926 0.10677083333333333 0.28055555555555556
5 0.8286458333333333 0.7046296296296296 0.0921875 0.2824074074074074
4 0.9333333333333333 0.7694444444444445 0.12708333333333333 0.24351851851851852
8 0.05286458333333333 0.8319444444444445 0.10572916666666667 0.2898148148148148
6 0.15416666666666667 0.8703703703703703 0.109375 0.24444444444444444
12 0.025 0.20879629629629629 0.05 0.16944444444444445
2 0.9677083333333333 0.2967592592592593 0.06458333333333334 0.16944444444444445