15 0.4895833333333333 0.3592592592592593 0.10729166666666666 0.19814814814814816
9 0.3880208333333333 0.40185185185185185 0.10833333333333334 0.1925925925925926
13 0.621875 0.4842592592592593 0.175 0.31296296296296294
11 0.6953125 0.49166666666666664 0.1 0.17777777777777778
3 0.5333333333333333 0.5444444444444444 0.109375 0.19444444444444445
0 0.44479166666666664 0.575 0.10416666666666667 0.2462962962962963
7 0.33541666666666664 0.600925925925926 0.109375 0.2833333333333333
14 0.46796875 0.07314814814814814 0.08072916666666667 0.14629629629629629
5 0.7333333333333333 0.7046296296296296 0.13125 0.23148148148148148
4 0.6291666666666667 0.7694444444444445 0.13333333333333333 0.2388888888888889
10 0.5083333333333333 0.7694444444444445 0.14479166666666668 0.2574074074074074
8 0.3932291666666667 0.8324074074074074 0.13333333333333333 0.3037037037037037
6 0.2833333333333333 0.8703703703703703 0.12604166666666666 0.22407407407407406
1 0.5213541666666667 0.16944444444444445 0.08541666666666667 0.1574074074074074
12 0.428125 0.20925925925925926 0.08333333333333333 0.17222222222222222
2 0.5822916666666667 0.2962962962962963 0.09479166666666666 0.1685185185185185
9 0.049479166666666664 0.40185185185185185 0.09270833333333334 0.2074074074074074
13 0.9333333333333333 0.4837962962962963 0.13333333333333333 0.325
11 0.8671875 0.49166666666666664 0.0515625 0.24351851851851852
0 0.02109375 0.575 0.0421875 0.2388888888888889
7 0.10208333333333333 0.600925925925926 0.10677083333333333 0.28055555555555556
5 0.8291666666666667 0.7046296296296296 0.0921875 0.2824074074074074
4 0.9333333333333333 0.7694444444444445 0.12708333333333333 0.24351851851851852
8 0.05286458333333333 0.8319444444444445 0.10572916666666667 0.2898148148148148
6 0.15416666666666667 0.8703703703703703 0.109375 0.24444444444444444
12 0.025 0.20879629629629629 0.05 0.16944444444444445
2 0.9677083333333333 0.29583333333333334 0.06458333333333334 0.16944444444444445