15 0.4895833333333333 0.3592592592592593 0.10260416666666666 0.18981481481481483
9 0.3880208333333333 0.40185185185185185 0.09270833333333334 0.2074074074074074
13 0.621875 0.4842592592592593 0.14739583333333334 0.325
11 0.6953125 0.49166666666666664 0.0515625 0.24351851851851852
3 0.5333333333333333 0.5444444444444444 0.08125 0.2212962962962963
0 0.44479166666666664 0.575 0.09895833333333333 0.2388888888888889
7 0.33541666666666664 0.600925925925926 0.10677083333333333 0.28055555555555556
14 0.46796875 0.0712962962962963 0.07552083333333333 0.1425925925925926
5 0.7338541666666667 0.7046296296296296 0.0921875 0.2824074074074074
4 0.6291666666666667 0.7694444444444445 0.12708333333333333 0.24351851851851852
10 0.5088541666666667 0.7703703703703704 0.11510416666666666 0.30092592592592593
8 0.3932291666666667 0.8324074074074074 0.12291666666666666 0.2898148148148148
6 0.2833333333333333 0.8703703703703703 0.109375 0.24444444444444444
1 0.5213541666666667 0.16944444444444445 0.0796875 0.14629629629629629
12 0.428125 0.20925925925925926 0.08125 0.16944444444444445
2 0.5822916666666667 0.2972222222222222 0.08958333333333333 0.16944444444444445
9 0.049479166666666664 0.40185185185185185 0.09270833333333334 0.2074074074074074
13 0.9333333333333333 0.4837962962962963 0.13333333333333333 0.325
11 0.8671875 0.49166666666666664 0.0515625 0.24351851851851852
0 0.02109375 0.575 0.0421875 0.2388888888888889
7 0.10208333333333333 0.600925925925926 0.10677083333333333 0.28055555555555556
5 0.8286458333333333 0.7046296296296296 0.0921875 0.2824074074074074
4 0.9333333333333333 0.7694444444444445 0.12708333333333333 0.24351851851851852
8 0.05286458333333333 0.8319444444444445 0.10572916666666667 0.2898148148148148
6 0.15416666666666667 0.8703703703703703 0.109375 0.24444444444444444
12 0.025 0.20879629629629629 0.05 0.16944444444444445
2 0.9677083333333333 0.2967592592592593 0.06458333333333334 0.16944444444444445