15 0.4895833333333333 0.3592592592592593 0.10416666666666667 0.1925925925925926
9 0.3880208333333333 0.40185185185185185 0.11041666666666666 0.1962962962962963
13 0.621875 0.4842592592592593 0.16458333333333333 0.29444444444444445
11 0.6953125 0.49166666666666664 0.09791666666666667 0.17407407407407408
3 0.5333333333333333 0.5444444444444444 0.10729166666666666 0.19074074074074074
0 0.44479166666666664 0.575 0.11041666666666666 0.2537037037037037
7 0.33541666666666664 0.600925925925926 0.14166666666666666 0.2518518518518518
14 0.46770833333333334 0.07314814814814814 0.084375 0.14629629629629629
5 0.7333333333333333 0.7046296296296296 0.13229166666666667 0.23333333333333334
4 0.6291666666666667 0.7694444444444445 0.1375 0.24444444444444444
10 0.5083333333333333 0.7694444444444445 0.15 0.26666666666666666
8 0.3932291666666667 0.8324074074074074 0.12291666666666666 0.29074074074074074
6 0.2828125 0.8703703703703703 0.13229166666666667 0.23703703703703705
1 0.5213541666666667 0.16944444444444445 0.08645833333333333 0.1537037037037037
12 0.428125 0.20925925925925926 0.09375 0.16666666666666666
2 0.5822916666666667 0.2962962962962963 0.09583333333333334 0.17037037037037037
9 0.049479166666666664 0.40185185185185185 0.09270833333333334 0.2074074074074074
13 0.9333333333333333 0.4837962962962963 0.13333333333333333 0.325
11 0.8671875 0.49166666666666664 0.0515625 0.24351851851851852
0 0.02109375 0.575 0.0421875 0.2388888888888889
7 0.10208333333333333 0.600925925925926 0.10677083333333333 0.28055555555555556
5 0.8291666666666667 0.7046296296296296 0.0921875 0.2824074074074074
4 0.9333333333333333 0.7694444444444445 0.12708333333333333 0.24351851851851852
8 0.05286458333333333 0.8319444444444445 0.10572916666666667 0.2898148148148148
6 0.1546875 0.8703703703703703 0.11041666666666666 0.24444444444444444
12 0.025 0.20879629629629629 0.05 0.16944444444444445
2 0.9677083333333333 0.29583333333333334 0.06458333333333334 0.16944444444444445