7 0.6348958333333333 0.33611111111111114 0.115625 0.20555555555555555
5 0.390625 0.38796296296296295 0.128125 0.22777777777777777
0 0.5588541666666667 0.43333333333333335 0.109375 0.19444444444444445
11 0.2859375 0.49537037037037035 0.125 0.31296296296296294
3 0.46979166666666666 0.5333333333333333 0.10729166666666666 0.19074074074074074
9 0.6338541666666667 0.5555555555555556 0.12083333333333333 0.21296296296296297
4 0.37864583333333335 0.6388888888888888 0.11354166666666667 0.2
15 0.5505208333333333 0.6611111111111111 0.11770833333333333 0.20925925925925926
2 0.4609375 0.775 0.14270833333333333 0.25555555555555554
12 0.634375 0.7861111111111111 0.09791666666666667 0.22777777777777777
1 0.5447916666666667 0.8833333333333333 0.11979166666666667 0.21296296296296297
14 0.628125 0.95 0.10208333333333333 0.1
6 0.6375 0.11481481481481481 0.10729166666666666 0.19074074074074074
8 0.5604166666666667 0.20092592592592592 0.11458333333333333 0.2037037037037037
10 0.47604166666666664 0.3 0.11354166666666667 0.20185185185185187
7 0.9276041666666667 0.33611111111111114 0.09479166666666666 0.20092592592592592
5 0.0484375 0.3875 0.096875 0.24166666666666667
0 0.9786458333333333 0.43287037037037035 0.042708333333333334 0.21388888888888888
11 0.1515625 0.49537037037037035 0.10520833333333333 0.29444444444444445
9 0.9286458333333333 0.5555555555555556 0.0953125 0.2212962962962963
4 0.058854166666666666 0.6388888888888888 0.1 0.20925925925925926
15 0.9828125 0.6611111111111111 0.034375 0.2351851851851852
2 0.01328125 0.774537037037037 0.0265625 0.28055555555555556
12 0.928125 0.7861111111111111 0.0875 0.21666666666666667
1 0.9828125 0.8828703703703704 0.034375 0.2324074074074074
14 0.934375 0.95 0.10260416666666666 0.09814814814814815
6 0.925 0.11481481481481481 0.08333333333333333 0.2
8 0.9794270833333333 0.20046296296296295 0.04114583333333333 0.2212962962962963