0 0.5734375 0.37407407407407406 0.090625 0.2111111111111111
5 0.4244791666666667 0.42962962962962964 0.10416666666666667 0.24444444444444444
9 0.653125 0.4601851851851852 0.109375 0.1925925925925926
3 0.5078125 0.5046296296296297 0.10625 0.18888888888888888
15 0.5901041666666667 0.562037037037037 0.121875 0.21666666666666667
11 0.34322916666666664 0.5796296296296296 0.13229166666666667 0.23703703703703705
12 0.6744791666666666 0.6509259259259259 0.10416666666666667 0.23703703703703705
4 0.4401041666666667 0.6546296296296297 0.1 0.2462962962962963
6 0.6151041666666667 0.075 0.08854166666666667 0.15
2 0.5270833333333333 0.7351851851851852 0.10520833333333333 0.2851851851851852
1 0.6130208333333333 0.8175925925925925 0.12291666666666666 0.21851851851851853
14 0.6953125 0.8759259259259259 0.11875 0.20925925925925926
8 0.5520833333333334 0.1824074074074074 0.10416666666666667 0.18518518518518517
7 0.6338541666666667 0.25277777777777777 0.1 0.23148148148148148
10 0.4921875 0.29444444444444445 0.11458333333333333 0.20555555555555555
0 0.9739583333333334 0.3736111111111111 0.052083333333333336 0.20092592592592592
5 0.030208333333333334 0.42916666666666664 0.06041666666666667 0.2324074074074074
9 0.909375 0.4601851851851852 0.09010416666666667 0.21203703703703702
15 0.9630208333333333 0.562037037037037 0.07395833333333333 0.22777777777777777
11 0.09427083333333333 0.5796296296296296 0.10677083333333333 0.2638888888888889
12 0.8880208333333334 0.6509259259259259 0.08958333333333333 0.2212962962962963
4 0.022395833333333334 0.6546296296296297 0.04479166666666667 0.2388888888888889
6 0.9473958333333333 0.0712962962962963 0.084375 0.1425925925925926
1 0.9494791666666667 0.8175925925925925 0.0859375 0.26666666666666666
14 0.8671875 0.8759259259259259 0.0953125 0.2212962962962963
8 0.98203125 0.1824074074074074 0.0359375 0.18703703703703703
7 0.9286458333333333 0.25277777777777777 0.09010416666666667 0.21851851851851853