0 0.5734375 0.3731481481481482 0.10520833333333333 0.18703703703703703
5 0.4244791666666667 0.42962962962962964 0.11875 0.20925925925925926
9 0.653125 0.4601851851851852 0.11041666666666666 0.19444444444444445
3 0.5078125 0.5046296296296297 0.10625 0.18888888888888888
15 0.5901041666666667 0.562037037037037 0.11354166666666667 0.20185185185185187
11 0.34322916666666664 0.5796296296296296 0.10833333333333334 0.26481481481481484
12 0.6744791666666666 0.6509259259259259 0.090625 0.2222222222222222
4 0.4401041666666667 0.6546296296296297 0.11979166666666667 0.21296296296296297
6 0.61484375 0.075 0.08802083333333334 0.15
2 0.5270833333333333 0.7351851851851852 0.09895833333333333 0.2777777777777778
1 0.6130208333333333 0.8175925925925925 0.121875 0.21666666666666667
14 0.6953125 0.8759259259259259 0.11979166666666667 0.2111111111111111
8 0.5520833333333334 0.1824074074074074 0.09479166666666666 0.19074074074074074
7 0.6338541666666667 0.25277777777777777 0.11458333333333333 0.20555555555555555
10 0.4921875 0.29444444444444445 0.11770833333333333 0.2111111111111111
0 0.9739583333333334 0.3726851851851852 0.052083333333333336 0.20277777777777778
5 0.030208333333333334 0.42916666666666664 0.06041666666666667 0.2324074074074074
9 0.909375 0.4601851851851852 0.09010416666666667 0.21203703703703702
15 0.9630208333333333 0.562037037037037 0.07395833333333333 0.22777777777777777
11 0.09427083333333333 0.5796296296296296 0.10677083333333333 0.2638888888888889
12 0.8880208333333334 0.6509259259259259 0.08958333333333333 0.2212962962962963
4 0.022395833333333334 0.6546296296296297 0.04479166666666667 0.2388888888888889
6 0.9473958333333333 0.07222222222222222 0.084375 0.14166666666666666
1 0.9494791666666667 0.8175925925925925 0.0859375 0.26666666666666666
14 0.8671875 0.8759259259259259 0.0953125 0.2212962962962963
8 0.98203125 0.1824074074074074 0.0359375 0.18703703703703703
7 0.9286458333333333 0.25277777777777777 0.09010416666666667 0.21851851851851853