0 0.5036458333333333 0.38425925925925924 0.0796875 0.1962962962962963
5 0.34791666666666665 0.39166666666666666 0.09010416666666667 0.22777777777777777
9 0.5854166666666667 0.48055555555555557 0.09739583333333333 0.1962962962962963
11 0.2671875 0.4981481481481482 0.09739583333333333 0.25925925925925924
3 0.428125 0.5064814814814815 0.08854166666666667 0.2351851851851852
15 0.50625 0.5898148148148148 0.0921875 0.2212962962962963
4 0.34427083333333336 0.6148148148148148 0.1 0.2324074074074074
12 0.590625 0.6814814814814815 0.09739583333333333 0.22592592592592592
2 0.42604166666666665 0.725 0.08958333333333333 0.25277777777777777
6 0.5763020833333333 0.08425925925925926 0.09739583333333333 0.1685185185185185
1 0.5083333333333333 0.837037037037037 0.09895833333333333 0.25925925925925924
14 0.5942708333333333 0.9009259259259259 0.09739583333333333 0.1962962962962963
8 0.5010416666666667 0.16574074074074074 0.08489583333333334 0.2324074074074074
7 0.5802083333333333 0.26944444444444443 0.0921875 0.23055555555555557
10 0.4265625 0.2740740740740741 0.08229166666666667 0.2074074074074074
5 0.08958333333333333 0.39166666666666666 0.09010416666666667 0.22777777777777777
9 0.9640625 0.48055555555555557 0.071875 0.1962962962962963
11 0.1703125 0.4981481481481482 0.09739583333333333 0.25925925925925924
3 0.026822916666666665 0.5064814814814815 0.05364583333333333 0.2351851851851852
4 0.09322916666666667 0.6148148148148148 0.1 0.2324074074074074
12 0.9614583333333333 0.6814814814814815 0.07708333333333334 0.22592592592592592
2 0.028125 0.7245370370370371 0.05625 0.25277777777777777
6 0.9684895833333333 0.08425925925925926 0.06302083333333333 0.1685185185185185
14 0.9596354166666666 0.9009259259259259 0.08072916666666667 0.1962962962962963
7 0.96796875 0.2689814814814815 0.0640625 0.23055555555555557
10 0.026041666666666668 0.2740740740740741 0.052083333333333336 0.2074074074074074