0 0.5036458333333333 0.38425925925925924 0.096875 0.17222222222222222
5 0.34791666666666665 0.39166666666666666 0.11458333333333333 0.2037037037037037
9 0.5848958333333333 0.48055555555555557 0.11145833333333334 0.19814814814814816
11 0.2671875 0.4981481481481482 0.10104166666666667 0.26296296296296295
3 0.428125 0.5055555555555555 0.090625 0.2388888888888889
15 0.50625 0.5898148148148148 0.11770833333333333 0.20925925925925926
4 0.34427083333333336 0.6138888888888889 0.125 0.2222222222222222
12 0.590625 0.6814814814814815 0.11979166666666667 0.21296296296296297
2 0.42604166666666665 0.725 0.12291666666666666 0.21666666666666667
6 0.5752604166666667 0.08518518518518518 0.0984375 0.17037037037037037
1 0.5083333333333333 0.837037037037037 0.10104166666666667 0.26296296296296295
14 0.5940104166666667 0.8976851851851851 0.10572916666666667 0.20462962962962963
8 0.5010416666666667 0.16574074074074074 0.1125 0.20185185185185187
7 0.5802083333333333 0.26944444444444443 0.11875 0.2111111111111111
10 0.4265625 0.2740740740740741 0.10416666666666667 0.18518518518518517
5 0.08958333333333333 0.39166666666666666 0.09010416666666667 0.22777777777777777
9 0.9645833333333333 0.48055555555555557 0.07083333333333333 0.1962962962962963
11 0.1703125 0.4981481481481482 0.09739583333333333 0.25925925925925924
3 0.026822916666666665 0.5055555555555555 0.05364583333333333 0.23703703703703705
4 0.09322916666666667 0.6138888888888889 0.1 0.23425925925925925
12 0.9614583333333333 0.6814814814814815 0.07708333333333334 0.22592592592592592
2 0.028125 0.7245370370370371 0.05625 0.25277777777777777
6 0.9690104166666667 0.08425925925925926 0.06197916666666667 0.1685185185185185
14 0.9596354166666666 0.9009259259259259 0.08072916666666667 0.1962962962962963
7 0.96796875 0.2689814814814815 0.0640625 0.23055555555555557
10 0.026041666666666668 0.2740740740740741 0.052083333333333336 0.2074074074074074