0 0.5036458333333333 0.38425925925925924 0.10208333333333333 0.1814814814814815
5 0.34791666666666665 0.39166666666666666 0.10416666666666667 0.24444444444444444
9 0.5854166666666667 0.48055555555555557 0.10833333333333334 0.21296296296296297
11 0.2671875 0.4981481481481482 0.13020833333333334 0.22962962962962963
3 0.428125 0.5064814814814815 0.115625 0.20555555555555555
15 0.50625 0.5898148148148148 0.11041666666666666 0.1962962962962963
4 0.34427083333333336 0.6148148148148148 0.11770833333333333 0.20925925925925926
12 0.590625 0.6814814814814815 0.1125 0.24444444444444444
2 0.42604166666666665 0.725 0.11875 0.2111111111111111
6 0.57578125 0.08796296296296297 0.10364583333333334 0.17592592592592593
1 0.5083333333333333 0.837037037037037 0.13541666666666666 0.24074074074074073
14 0.5940104166666667 0.8976851851851851 0.10677083333333333 0.20462962962962963
8 0.5010416666666667 0.16574074074074074 0.115625 0.20555555555555555
7 0.5802083333333333 0.26944444444444443 0.10625 0.24814814814814815
10 0.4265625 0.2740740740740741 0.10208333333333333 0.18333333333333332
5 0.08958333333333333 0.39166666666666666 0.09010416666666667 0.22777777777777777
9 0.9640625 0.48055555555555557 0.071875 0.1962962962962963
11 0.1703125 0.4981481481481482 0.09739583333333333 0.25925925925925924
3 0.026822916666666665 0.5064814814814815 0.05364583333333333 0.2351851851851852
4 0.09322916666666667 0.6148148148148148 0.1 0.2324074074074074
12 0.9614583333333333 0.6814814814814815 0.07708333333333334 0.22592592592592592
2 0.028125 0.7245370370370371 0.05625 0.25277777777777777
6 0.9684895833333333 0.08425925925925926 0.06302083333333333 0.1685185185185185
14 0.9596354166666666 0.9009259259259259 0.08072916666666667 0.1962962962962963
7 0.96796875 0.2689814814814815 0.0640625 0.23055555555555557
10 0.026041666666666668 0.2740740740740741 0.052083333333333336 0.2074074074074074