0 0.5036458333333333 0.38425925925925924 0.103125 0.18333333333333332
5 0.34791666666666665 0.39166666666666666 0.11145833333333334 0.19814814814814816
9 0.5848958333333333 0.48055555555555557 0.109375 0.19444444444444445
11 0.2671875 0.4981481481481482 0.12291666666666666 0.21666666666666667
3 0.428125 0.5064814814814815 0.115625 0.20555555555555555
15 0.50625 0.5898148148148148 0.11458333333333333 0.2037037037037037
4 0.34427083333333336 0.6138888888888889 0.103125 0.2388888888888889
12 0.5901041666666667 0.6805555555555556 0.11979166666666667 0.21296296296296297
2 0.42604166666666665 0.725 0.09791666666666667 0.2611111111111111
6 0.57578125 0.08796296296296297 0.10364583333333334 0.17592592592592593
1 0.5083333333333333 0.837037037037037 0.10520833333333333 0.26666666666666666
14 0.5940104166666667 0.8972222222222223 0.1078125 0.20555555555555555
8 0.5010416666666667 0.16574074074074074 0.1 0.2462962962962963
7 0.5796875 0.26944444444444443 0.10625 0.2462962962962963
10 0.4265625 0.2740740740740741 0.1 0.17777777777777778
5 0.08958333333333333 0.39166666666666666 0.09010416666666667 0.22777777777777777
9 0.9645833333333333 0.48055555555555557 0.07083333333333333 0.1962962962962963
11 0.1703125 0.4981481481481482 0.09739583333333333 0.25925925925925924
3 0.026822916666666665 0.5064814814814815 0.05364583333333333 0.2351851851851852
4 0.09322916666666667 0.6138888888888889 0.1 0.23425925925925925
12 0.9619791666666667 0.6805555555555556 0.07604166666666666 0.22592592592592592
2 0.028125 0.7245370370370371 0.05625 0.25277777777777777
6 0.9684895833333333 0.08425925925925926 0.06302083333333333 0.1685185185185185
14 0.9596354166666666 0.9009259259259259 0.08072916666666667 0.1962962962962963
7 0.9682291666666667 0.2689814814814815 0.06354166666666666 0.23055555555555557
10 0.026041666666666668 0.2740740740740741 0.052083333333333336 0.2074074074074074