0 0.58125 0.35462962962962963 0.0859375 0.23981481481481481
3 0.49947916666666664 0.45925925925925926 0.10260416666666666 0.2759259259259259
5 0.6682291666666667 0.45925925925925926 0.09739583333333333 0.22314814814814815
11 0.296875 0.4824074074074074 0.12447916666666667 0.30277777777777776
15 0.5875 0.5842592592592593 0.09479166666666666 0.21851851851851853
4 0.403125 0.6287037037037037 0.10677083333333333 0.3101851851851852
6 0.6458333333333334 0.06944444444444445 0.09479166666666666 0.1388888888888889
12 0.6734375 0.7074074074074074 0.0921875 0.2212962962962963
2 0.5015625 0.7435185185185185 0.09479166666666666 0.2935185185185185
1 0.5942708333333333 0.8444444444444444 0.09739583333333333 0.2898148148148148
14 0.6822916666666666 0.912962962962963 0.11302083333333333 0.16018518518518518
8 0.5729166666666666 0.12777777777777777 0.0953125 0.21203703703703702
10 0.4921875 0.22592592592592592 0.09739583333333333 0.23981481481481481
7 0.6541666666666667 0.22777777777777777 0.0921875 0.2212962962962963
5 0.40572916666666664 0.32222222222222224 0.1125 0.29444444444444445
0 0.9690104166666667 0.3541666666666667 0.06197916666666667 0.23981481481481481
5 0.8942708333333333 0.45925925925925926 0.09739583333333333 0.22314814814814815
11 0.140625 0.4824074074074074 0.12447916666666667 0.30277777777777776
15 0.9638020833333333 0.5842592592592593 0.07239583333333334 0.21851851851851853
4 0.04375 0.6282407407407408 0.0875 0.3101851851851852
6 0.9166666666666666 0.06944444444444445 0.09479166666666666 0.1388888888888889
12 0.8890625 0.7074074074074074 0.0921875 0.2212962962962963
1 0.9596354166666666 0.8439814814814814 0.08072916666666667 0.2898148148148148
14 0.8802083333333334 0.912962962962963 0.11302083333333333 0.16018518518518518
8 0.9708333333333333 0.12731481481481483 0.058333333333333334 0.21203703703703702
7 0.9083333333333333 0.22777777777777777 0.0921875 0.2212962962962963
5 0.04401041666666667 0.32222222222222224 0.08802083333333334 0.29444444444444445