14 0.31145833333333334 0.3314814814814815 0.11041666666666666 0.1962962962962963
3 0.42604166666666665 0.33240740740740743 0.09375 0.1648148148148148
12 0.553125 0.3453703703703704 0.1125 0.20185185185185187
7 0.4875 0.44907407407407407 0.11458333333333333 0.2037037037037037
9 0.35625 0.45740740740740743 0.11666666666666667 0.2074074074074074
6 0.628125 0.4648148148148148 0.121875 0.21666666666666667
11 0.4140625 0.5888888888888889 0.13854166666666667 0.24444444444444444
5 0.5640625 0.5953703703703703 0.12395833333333334 0.2222222222222222
2 0.5036458333333333 0.812962962962963 0.17708333333333334 0.3148148148148148
14 0.12604166666666666 0.3314814814814815 0.11927083333333334 0.16018518518518518
3 0.03229166666666667 0.33194444444444443 0.06458333333333334 0.13425925925925927
12 0.9744791666666667 0.3449074074074074 0.051041666666666666 0.15092592592592594
9 0.08125 0.45740740740740743 0.1265625 0.15
6 0.9315104166666667 0.46435185185185185 0.13697916666666668 0.16018518518518518
11 0.04921875 0.5888888888888889 0.0984375 0.17777777777777778
5 0.9627604166666667 0.5949074074074074 0.07447916666666667 0.16944444444444445