15 0.54375 0.3574074074074074 0.09375 0.11666666666666667
9 0.3619791666666667 0.4101851851851852 0.10729166666666666 0.22592592592592592
4 0.528125 0.5305555555555556 0.13958333333333334 0.24814814814814815
11 0.27239583333333334 0.5370370370370371 0.12604166666666666 0.32222222222222224
2 0.440625 0.549074074074074 0.10625 0.18888888888888888
13 0.6255208333333333 0.5481481481481482 0.11041666666666666 0.1962962962962963
3 0.3614583333333333 0.6712962962962963 0.13854166666666667 0.2462962962962963
10 0.5427083333333333 0.7148148148148148 0.07604166666666666 0.13518518518518519
1 0.6239583333333333 0.7712962962962963 0.11354166666666667 0.22962962962962963
5 0.45677083333333335 0.7796296296296297 0.1125 0.26851851851851855
0 0.5408854166666667 0.8907407407407407 0.09635416666666667 0.21851851851851853
0 0.6283854166666667 0.9300925925925926 0.08385416666666666 0.1398148148148148
12 0.6192708333333333 0.10925925925925926 0.11354166666666667 0.2
7 0.5390625 0.20092592592592592 0.12395833333333334 0.22037037037037038
6 0.4546875 0.30277777777777776 0.090625 0.22777777777777777
8 0.621875 0.32314814814814813 0.09791666666666667 0.21666666666666667
15 0.9869791666666666 0.35694444444444445 0.026041666666666668 0.10277777777777777
9 0.07552083333333333 0.4101851851851852 0.10416666666666667 0.2212962962962963
4 0.98828125 0.5300925925925926 0.0234375 0.26944444444444443
11 0.16510416666666666 0.5370370370370371 0.1078125 0.30277777777777776
2 0.019010416666666665 0.549074074074074 0.03802083333333333 0.21666666666666667
13 0.9369791666666667 0.5481481481481482 0.08229166666666667 0.2212962962962963
3 0.07604166666666666 0.6712962962962963 0.10260416666666666 0.26851851851851855
10 0.990625 0.7143518518518519 0.01875 0.11018518518518519
1 0.9385416666666667 0.7712962962962963 0.10260416666666666 0.21203703703703702
5 0.015625 0.7791666666666667 0.03125 0.25462962962962965
0 0.9880208333333333 0.8921296296296296 0.023958333333333335 0.21388888888888888
0 0.9338541666666667 0.9361111111111111 0.0921875 0.11944444444444445
12 0.9432291666666667 0.10925925925925926 0.09479166666666666 0.21851851851851853
7 0.9872395833333333 0.20092592592592592 0.025520833333333333 0.24814814814814815
6 0.013802083333333333 0.30277777777777776 0.027604166666666666 0.22777777777777777
8 0.940625 0.32314814814814813 0.09479166666666666 0.21203703703703702