4 0.45208333333333334 0.2861111111111111 0.04583333333333333 0.08333333333333333
8 0.29270833333333335 0.31666666666666665 0.09895833333333333 0.15185185185185185
2 0.5104166666666666 0.31851851851851853 0.08125 0.14444444444444443
0 0.3875 0.3314814814814815 0.13125 0.17037037037037037
14 0.721875 0.3638888888888889 0.09895833333333333 0.17592592592592593
10 0.4791666666666667 0.425 0.08125 0.10740740740740741
15 0.3411458333333333 0.42685185185185187 0.08958333333333333 0.15925925925925927
6 0.5708333333333333 0.43148148148148147 0.078125 0.1388888888888889
12 0.503125 0.4935185185185185 0.09583333333333334 0.08703703703703704
3 0.384375 0.5537037037037037 0.09583333333333334 0.17037037037037037
5 0.6265625 0.562962962962963 0.10520833333333333 0.18888888888888888
7 0.4973958333333333 0.6046296296296296 0.128125 0.22777777777777777
1 0.42916666666666664 0.6953703703703704 0.0875 0.1537037037037037
11 0.5708333333333333 0.7074074074074074 0.09583333333333334 0.17037037037037037
9 0.49375 0.8638888888888889 0.134375 0.2388888888888889
8 0.14479166666666668 0.31666666666666665 0.0921875 0.13425925925925927
0 0.05677083333333333 0.33101851851851855 0.11354166666666667 0.16018518518518518
14 0.840625 0.3638888888888889 0.1015625 0.1648148148148148
15 0.09635416666666667 0.42685185185185187 0.11302083333333333 0.11388888888888889
6 0.97265625 0.43148148148148147 0.0546875 0.10740740740740741
3 0.05520833333333333 0.5532407407407407 0.11041666666666666 0.12314814814814815
5 0.9348958333333334 0.5625 0.13020833333333334 0.14166666666666666
1 0.0296875 0.6949074074074074 0.059375 0.11944444444444445
11 0.96640625 0.7074074074074074 0.0671875 0.12777777777777777