4 0.45208333333333334 0.2851851851851852 0.0421875 0.07777777777777778
8 0.29270833333333335 0.31666666666666665 0.0921875 0.13425925925925927
2 0.5104166666666666 0.31851851851851853 0.08958333333333333 0.10277777777777777
0 0.3875 0.3314814814814815 0.12708333333333333 0.16018518518518518
14 0.721875 0.3638888888888889 0.1015625 0.1648148148148148
10 0.4786458333333333 0.425 0.078125 0.09814814814814815
15 0.340625 0.42592592592592593 0.1140625 0.11481481481481481
6 0.5708333333333333 0.43148148148148147 0.09270833333333334 0.10740740740740741
12 0.503125 0.4935185185185185 0.09270833333333334 0.0712962962962963
3 0.384375 0.5537037037037037 0.11510416666666666 0.12314814814814815
5 0.6265625 0.562037037037037 0.13229166666666667 0.14351851851851852
7 0.496875 0.6046296296296296 0.14322916666666666 0.18981481481481483
1 0.42864583333333334 0.6953703703703704 0.10364583333333334 0.11944444444444445
11 0.5708333333333333 0.7074074074074074 0.11770833333333333 0.12777777777777777
9 0.49375 0.8638888888888889 0.14739583333333334 0.17777777777777778
8 0.14479166666666668 0.31666666666666665 0.0921875 0.13425925925925927
0 0.05677083333333333 0.33101851851851855 0.11354166666666667 0.16018518518518518
14 0.840625 0.3638888888888889 0.1015625 0.1648148148148148
15 0.096875 0.42592592592592593 0.1140625 0.11481481481481481
6 0.97265625 0.43148148148148147 0.0546875 0.10740740740740741
3 0.05520833333333333 0.5532407407407407 0.11041666666666666 0.12314814814814815
5 0.9348958333333334 0.5615740740740741 0.13020833333333334 0.14351851851851852
1 0.030208333333333334 0.6949074074074074 0.06041666666666667 0.11944444444444445
11 0.96640625 0.7074074074074074 0.0671875 0.12777777777777777