4 0.45208333333333334 0.2861111111111111 0.04583333333333333 0.08333333333333333
8 0.2921875 0.31666666666666665 0.084375 0.15185185185185185
2 0.5104166666666666 0.31851851851851853 0.09479166666666666 0.12037037037037036
0 0.3875 0.3314814814814815 0.11458333333333333 0.20555555555555555
14 0.721875 0.3638888888888889 0.09895833333333333 0.17592592592592593
10 0.4786458333333333 0.425 0.07395833333333333 0.13148148148148148
15 0.3411458333333333 0.42685185185185187 0.09166666666666666 0.1648148148148148
6 0.5708333333333333 0.4305555555555556 0.08125 0.1425925925925926
12 0.503125 0.4935185185185185 0.09270833333333334 0.07407407407407407
3 0.384375 0.5537037037037037 0.09791666666666667 0.17407407407407408
5 0.6265625 0.562962962962963 0.1125 0.2
7 0.4973958333333333 0.6046296296296296 0.128125 0.22777777777777777
1 0.42916666666666664 0.6953703703703704 0.08958333333333333 0.15925925925925927
11 0.5708333333333333 0.7074074074074074 0.12083333333333333 0.13703703703703704
9 0.49375 0.8638888888888889 0.13541666666666666 0.24074074074074073
8 0.1453125 0.31666666666666665 0.0921875 0.13425925925925927
0 0.05677083333333333 0.33101851851851855 0.11354166666666667 0.16018518518518518
14 0.840625 0.3638888888888889 0.1015625 0.1648148148148148
15 0.09635416666666667 0.42685185185185187 0.11302083333333333 0.11388888888888889
6 0.97265625 0.4305555555555556 0.0546875 0.10740740740740741
3 0.05520833333333333 0.5532407407407407 0.11041666666666666 0.12314814814814815
5 0.9348958333333334 0.5625 0.13020833333333334 0.14166666666666666
1 0.0296875 0.6949074074074074 0.059375 0.11944444444444445
11 0.96640625 0.7074074074074074 0.0671875 0.12777777777777777