4 0.45208333333333334 0.2861111111111111 0.0421875 0.07592592592592592
8 0.2921875 0.31666666666666665 0.0921875 0.13425925925925927
2 0.5104166666666666 0.31851851851851853 0.08958333333333333 0.10277777777777777
0 0.3875 0.3314814814814815 0.12708333333333333 0.16018518518518518
14 0.721875 0.3638888888888889 0.1015625 0.1648148148148148
10 0.4786458333333333 0.425 0.078125 0.09814814814814815
15 0.3411458333333333 0.42685185185185187 0.11302083333333333 0.11388888888888889
6 0.5708333333333333 0.4305555555555556 0.09270833333333334 0.10740740740740741
12 0.503125 0.4935185185185185 0.09270833333333334 0.0712962962962963
3 0.384375 0.5537037037037037 0.11510416666666666 0.12314814814814815
5 0.6265625 0.562962962962963 0.13229166666666667 0.14166666666666666
7 0.4973958333333333 0.6046296296296296 0.14322916666666666 0.18981481481481483
1 0.42916666666666664 0.6953703703703704 0.10260416666666666 0.11944444444444445
11 0.5708333333333333 0.7074074074074074 0.11770833333333333 0.12777777777777777
9 0.49375 0.8638888888888889 0.14739583333333334 0.17777777777777778
8 0.1453125 0.31666666666666665 0.0921875 0.13425925925925927
0 0.05677083333333333 0.33101851851851855 0.11354166666666667 0.16018518518518518
14 0.840625 0.3638888888888889 0.1015625 0.1648148148148148
15 0.09635416666666667 0.42685185185185187 0.11302083333333333 0.11388888888888889
6 0.97265625 0.4305555555555556 0.0546875 0.10740740740740741
3 0.05520833333333333 0.5532407407407407 0.11041666666666666 0.12314814814814815
5 0.9348958333333334 0.5625 0.13020833333333334 0.14166666666666666
1 0.0296875 0.6949074074074074 0.059375 0.11944444444444445
11 0.96640625 0.7074074074074074 0.0671875 0.12777777777777777