3 0.49375 0.3055555555555556 0.08541666666666667 0.15185185185185185
9 0.4328125 0.49074074074074076 0.09479166666666666 0.1685185185185185
14 0.5286458333333334 0.5481481481481482 0.103125 0.18333333333333332
5 0.3536458333333333 0.5694444444444444 0.1125 0.19814814814814816
15 0.5153645833333333 0.06944444444444445 0.08072916666666667 0.1388888888888889
7 0.5427083333333333 0.6953703703703704 0.08958333333333333 0.15925925925925927
12 0.4348958333333333 0.6981481481481482 0.096875 0.17407407407407408
11 0.6640625 0.7537037037037037 0.12604166666666666 0.1685185185185185
2 0.4265625 0.07777777777777778 0.08125 0.14444444444444443
10 0.33177083333333335 0.8055555555555556 0.10520833333333333 0.1925925925925926
6 0.5588541666666667 0.8481481481481481 0.11666666666666667 0.2074074074074074
8 0.440625 0.8861111111111111 0.11458333333333333 0.20555555555555555
13 0.6794270833333333 0.9050925925925926 0.1171875 0.18981481481481483
0 0.26145833333333335 0.0962962962962963 0.065625 0.11666666666666667
1 0.35104166666666664 0.11851851851851852 0.08958333333333333 0.12962962962962962
4 0.28958333333333336 0.18981481481481483 0.08333333333333333 0.14629629629629629
9 0.025520833333333333 0.49027777777777776 0.051041666666666666 0.14166666666666666
5 0.08385416666666666 0.5694444444444444 0.12447916666666667 0.14629629629629629
7 0.9848958333333333 0.6953703703703704 0.030208333333333334 0.1388888888888889
12 0.028645833333333332 0.6981481481481482 0.057291666666666664 0.14629629629629629
11 0.8984375 0.7537037037037037 0.12291666666666666 0.16018518518518518
2 0.0265625 0.07731481481481481 0.053125 0.11388888888888889
10 0.10572916666666667 0.8055555555555556 0.1 0.18425925925925926
6 0.9744791666666667 0.8481481481481481 0.051041666666666666 0.18703703703703703
8 0.027864583333333335 0.8861111111111111 0.05572916666666667 0.18518518518518517
13 0.8828125 0.9148148148148149 0.134375 0.1685185185185185
0 0.17604166666666668 0.0962962962962963 0.07552083333333333 0.0962962962962963
1 0.08645833333333333 0.11851851851851852 0.084375 0.11851851851851852
4 0.14791666666666667 0.18981481481481483 0.09270833333333334 0.11481481481481481