3 0.49375 0.3055555555555556 0.09270833333333334 0.1259259259259259
9 0.4328125 0.49074074074074076 0.09791666666666667 0.15185185185185185
14 0.5286458333333334 0.5481481481481482 0.103125 0.18333333333333332
5 0.3536458333333333 0.5694444444444444 0.10625 0.18703703703703703
15 0.515625 0.06898148148148148 0.07916666666666666 0.13796296296296295
7 0.5427083333333333 0.6953703703703704 0.10625 0.1537037037037037
12 0.4348958333333333 0.6981481481481482 0.115625 0.16296296296296298
11 0.6640625 0.7537037037037037 0.13229166666666667 0.18333333333333332
2 0.4265625 0.0787037037037037 0.08020833333333334 0.1425925925925926
10 0.33177083333333335 0.8055555555555556 0.10104166666666667 0.18703703703703703
6 0.5588541666666667 0.8481481481481481 0.109375 0.1962962962962963
8 0.440625 0.8861111111111111 0.11458333333333333 0.2037037037037037
13 0.67890625 0.9018518518518519 0.1234375 0.1962962962962963
0 0.26145833333333335 0.0962962962962963 0.06666666666666667 0.11851851851851852
1 0.35104166666666664 0.11851851851851852 0.08958333333333333 0.12962962962962962
4 0.29010416666666666 0.18981481481481483 0.09479166666666666 0.12037037037037036
9 0.025520833333333333 0.49027777777777776 0.051041666666666666 0.14166666666666666
5 0.08385416666666666 0.5694444444444444 0.12447916666666667 0.14629629629629629
7 0.9848958333333333 0.6953703703703704 0.030208333333333334 0.1388888888888889
12 0.028645833333333332 0.6981481481481482 0.057291666666666664 0.14629629629629629
11 0.8984375 0.7537037037037037 0.12291666666666666 0.16018518518518518
2 0.0265625 0.07824074074074074 0.053125 0.11388888888888889
10 0.10572916666666667 0.8055555555555556 0.1 0.18425925925925926
6 0.9744791666666667 0.8481481481481481 0.051041666666666666 0.18703703703703703
8 0.027864583333333335 0.8861111111111111 0.05572916666666667 0.18518518518518517
13 0.8833333333333333 0.9148148148148149 0.134375 0.1685185185185185
0 0.17604166666666668 0.0962962962962963 0.07552083333333333 0.0962962962962963
1 0.08645833333333333 0.11851851851851852 0.084375 0.11851851851851852
4 0.14739583333333334 0.18981481481481483 0.0921875 0.11481481481481481