3 0.49375 0.3055555555555556 0.08958333333333333 0.15925925925925927
9 0.4328125 0.49074074074074076 0.09791666666666667 0.15185185185185185
14 0.5286458333333334 0.5481481481481482 0.09479166666666666 0.1685185185185185
5 0.3536458333333333 0.5694444444444444 0.1125 0.2
15 0.5153645833333333 0.0699074074074074 0.08072916666666667 0.1398148148148148
7 0.5427083333333333 0.6953703703703704 0.08958333333333333 0.15925925925925927
12 0.4348958333333333 0.6981481481481482 0.096875 0.17407407407407408
11 0.6640625 0.7537037037037037 0.11666666666666667 0.2074074074074074
2 0.4265625 0.0787037037037037 0.075 0.13333333333333333
10 0.33177083333333335 0.8055555555555556 0.11354166666666667 0.20185185185185187
6 0.5588541666666667 0.8481481481481481 0.109375 0.18703703703703703
8 0.440625 0.8861111111111111 0.11770833333333333 0.18518518518518517
13 0.67890625 0.9101851851851852 0.14114583333333333 0.17962962962962964
0 0.26145833333333335 0.0962962962962963 0.07708333333333334 0.1
1 0.35104166666666664 0.11851851851851852 0.078125 0.1388888888888889
4 0.29010416666666666 0.18981481481481483 0.09270833333333334 0.11666666666666667
9 0.025520833333333333 0.49027777777777776 0.051041666666666666 0.14166666666666666
5 0.08385416666666666 0.5694444444444444 0.12447916666666667 0.14629629629629629
7 0.9848958333333333 0.6953703703703704 0.030208333333333334 0.1388888888888889
12 0.028645833333333332 0.6981481481481482 0.057291666666666664 0.14629629629629629
11 0.8984375 0.7537037037037037 0.12291666666666666 0.16018518518518518
2 0.0265625 0.07824074074074074 0.053125 0.11388888888888889
10 0.10572916666666667 0.8055555555555556 0.1 0.18425925925925926
6 0.9744791666666667 0.8481481481481481 0.051041666666666666 0.18703703703703703
8 0.027864583333333335 0.8861111111111111 0.05572916666666667 0.18518518518518517
13 0.8833333333333333 0.9148148148148149 0.134375 0.1685185185185185
0 0.17604166666666668 0.0962962962962963 0.07552083333333333 0.0962962962962963
1 0.08645833333333333 0.11851851851851852 0.084375 0.11851851851851852
4 0.14739583333333334 0.18981481481481483 0.0921875 0.11481481481481481