11 0.6822916666666666 0.2740740740740741 0.121875 0.14444444444444443
8 0.5671875 0.28888888888888886 0.11770833333333333 0.14629629629629629
9 0.44635416666666666 0.30462962962962964 0.12291666666666666 0.1388888888888889
5 0.31666666666666665 0.3148148148148148 0.13072916666666667 0.15
12 0.7078125 0.4166666666666667 0.11770833333333333 0.15
6 0.5869791666666667 0.43796296296296294 0.11927083333333334 0.1638888888888889
4 0.4666666666666667 0.45092592592592595 0.134375 0.1648148148148148
13 0.3307291666666667 0.475 0.14322916666666666 0.16944444444444445
3 0.7276041666666667 0.575 0.10677083333333333 0.16018518518518518
7 0.625 0.6157407407407407 0.13229166666666667 0.19444444444444445
10 0.48802083333333335 0.6212962962962963 0.1359375 0.17777777777777778
14 0.3380208333333333 0.6759259259259259 0.15260416666666668 0.2
15 0.6572916666666667 0.1398148148148148 0.12291666666666666 0.13240740740740742
2 0.5463541666666667 0.15833333333333333 0.11041666666666666 0.14444444444444443
0 0.2989583333333333 0.16018518518518518 0.11510416666666666 0.13703703703703704
1 0.421875 0.16018518518518518 0.121875 0.13055555555555556
11 0.8802083333333334 0.2740740740740741 0.121875 0.14444444444444443
8 0.9682291666666667 0.28888888888888886 0.06354166666666666 0.14629629629629629
9 0.026302083333333334 0.30462962962962964 0.05260416666666667 0.1388888888888889
5 0.12083333333333333 0.3148148148148148 0.13072916666666667 0.15
12 0.8546875 0.4166666666666667 0.11770833333333333 0.15
6 0.9578125 0.4375 0.084375 0.1638888888888889
4 0.019010416666666665 0.45092592592592595 0.03802083333333333 0.1648148148148148
13 0.10677083333333333 0.475 0.14322916666666666 0.16944444444444445
3 0.8348958333333333 0.575 0.10677083333333333 0.16018518518518518
7 0.9356770833333333 0.6157407407407407 0.12864583333333332 0.19444444444444445
14 0.09947916666666666 0.6759259259259259 0.15260416666666668 0.2
15 0.9052083333333333 0.1398148148148148 0.12291666666666666 0.13240740740740742
2 0.98046875 0.15833333333333333 0.0390625 0.14444444444444443
0 0.13854166666666667 0.16018518518518518 0.11510416666666666 0.13703703703703704
1 0.03828125 0.1597222222222222 0.0765625 0.13055555555555556