10 0.496875 0.3851851851851852 0.11041666666666666 0.25277777777777777
7 0.6692708333333334 0.4898148148148148 0.121875 0.25555555555555554
6 0.33645833333333336 0.49722222222222223 0.1203125 0.2388888888888889
9 0.40572916666666664 0.06759259259259259 0.10677083333333333 0.12314814814814815
3 0.6140625 0.712037037037037 0.1265625 0.28055555555555556
1 0.28072916666666664 0.7537037037037037 0.1140625 0.29814814814814816
8 0.39947916666666666 0.8055555555555556 0.11041666666666666 0.3212962962962963
11 0.50625 0.8648148148148148 0.109375 0.262037037037037
5 0.6151041666666667 0.9175925925925926 0.1078125 0.1638888888888889
14 0.5041666666666667 0.14444444444444443 0.10520833333333333 0.24444444444444444
2 0.60625 0.18333333333333332 0.09635416666666667 0.2638888888888889
12 0.7005208333333334 0.24537037037037038 0.109375 0.2574074074074074
4 0.37552083333333336 0.25462962962962965 0.1078125 0.23981481481481481
7 0.8932291666666666 0.4898148148148148 0.121875 0.25555555555555554
6 0.10104166666666667 0.49722222222222223 0.1203125 0.2388888888888889
9 0.04244791666666667 0.06712962962962964 0.08489583333333334 0.12314814814814815
3 0.9424479166666667 0.711574074074074 0.11510416666666666 0.28055555555555556
1 0.15677083333333333 0.7537037037037037 0.1140625 0.29814814814814816
8 0.046614583333333334 0.8050925925925926 0.09322916666666667 0.3212962962962963
5 0.9466145833333334 0.9171296296296296 0.10677083333333333 0.1638888888888889
2 0.95390625 0.18287037037037038 0.0921875 0.2638888888888889
12 0.8619791666666666 0.24537037037037038 0.109375 0.2574074074074074
4 0.06197916666666667 0.25462962962962965 0.1078125 0.23981481481481481