10 0.496875 0.3851851851851852 0.13333333333333333 0.23703703703703705
7 0.6692708333333334 0.4898148148148148 0.140625 0.25
6 0.33645833333333336 0.49722222222222223 0.128125 0.25
9 0.40546875 0.07685185185185185 0.09635416666666667 0.1537037037037037
3 0.6140625 0.712037037037037 0.14791666666666667 0.26296296296296295
1 0.28072916666666664 0.7537037037037037 0.128125 0.3148148148148148
8 0.39947916666666666 0.8055555555555556 0.16041666666666668 0.2851851851851852
11 0.50625 0.8648148148148148 0.11145833333333334 0.26666666666666666
5 0.6145833333333334 0.9138888888888889 0.10104166666666667 0.17222222222222222
14 0.5041666666666667 0.14444444444444443 0.1125 0.2537037037037037
2 0.60625 0.18333333333333332 0.13020833333333334 0.23148148148148148
12 0.7005208333333334 0.24537037037037038 0.11145833333333334 0.2611111111111111
4 0.37552083333333336 0.25462962962962965 0.128125 0.22777777777777777
7 0.8932291666666666 0.4898148148148148 0.121875 0.25555555555555554
6 0.10104166666666667 0.49722222222222223 0.1203125 0.2388888888888889
9 0.04244791666666667 0.06712962962962964 0.08489583333333334 0.12314814814814815
3 0.9424479166666667 0.711574074074074 0.11510416666666666 0.28055555555555556
1 0.15677083333333333 0.7537037037037037 0.1140625 0.29814814814814816
8 0.046614583333333334 0.8050925925925926 0.09322916666666667 0.3212962962962963
5 0.9466145833333334 0.9171296296296296 0.10677083333333333 0.1638888888888889
2 0.95390625 0.18287037037037038 0.0921875 0.2638888888888889
12 0.8619791666666666 0.24537037037037038 0.109375 0.2574074074074074
4 0.06197916666666667 0.25462962962962965 0.1078125 0.23981481481481481