10 0.496875 0.3851851851851852 0.11875 0.26296296296296295
7 0.6692708333333334 0.4898148148148148 0.13645833333333332 0.24259259259259258
6 0.33645833333333336 0.49722222222222223 0.13229166666666667 0.2574074074074074
9 0.40572916666666664 0.06759259259259259 0.109375 0.12962962962962962
3 0.6140625 0.712037037037037 0.146875 0.2611111111111111
1 0.28072916666666664 0.7537037037037037 0.14791666666666667 0.26296296296296295
8 0.39947916666666666 0.8055555555555556 0.15208333333333332 0.27037037037037037
11 0.50625 0.8648148148148148 0.1375 0.24259259259259258
5 0.6145833333333334 0.9111111111111111 0.10729166666666666 0.17777777777777778
14 0.5041666666666667 0.14444444444444443 0.10729166666666666 0.24814814814814815
2 0.60625 0.18333333333333332 0.134375 0.2388888888888889
12 0.7005208333333334 0.24537037037037038 0.128125 0.22777777777777777
4 0.37552083333333336 0.25462962962962965 0.12916666666666668 0.22962962962962963
7 0.8932291666666666 0.4898148148148148 0.121875 0.25555555555555554
6 0.10104166666666667 0.49722222222222223 0.1203125 0.2388888888888889
9 0.04244791666666667 0.06712962962962964 0.08489583333333334 0.12314814814814815
3 0.9424479166666667 0.711574074074074 0.11510416666666666 0.28055555555555556
1 0.15677083333333333 0.7537037037037037 0.1140625 0.29814814814814816
8 0.046614583333333334 0.8050925925925926 0.09322916666666667 0.3212962962962963
5 0.9466145833333334 0.9171296296296296 0.10677083333333333 0.1638888888888889
2 0.95390625 0.18287037037037038 0.0921875 0.2638888888888889
12 0.8619791666666666 0.24537037037037038 0.109375 0.2574074074074074
4 0.06197916666666667 0.25462962962962965 0.1078125 0.23981481481481481