6 0.4744791666666667 0.549074074074074 0.15520833333333334 0.2759259259259259
3 0.6697916666666667 0.55 0.165625 0.29444444444444445
8 0.2953125 0.6083333333333333 0.16145833333333334 0.35555555555555557
13 0.5408854166666667 0.8449074074074074 0.1515625 0.3101851851851852
15 0.33958333333333335 0.23703703703703705 0.13020833333333334 0.31296296296296294
1 0.540625 0.2953703703703704 0.13958333333333334 0.24814814814814815
6 0.012760416666666666 0.549074074074074 0.025520833333333333 0.29814814814814816
3 0.8927083333333333 0.55 0.134375 0.29814814814814816
8 0.1421875 0.6083333333333333 0.13958333333333334 0.3296296296296296
13 0.9755208333333333 0.8486111111111111 0.04895833333333333 0.30092592592592593
15 0.09791666666666667 0.23703703703703705 0.1296875 0.31203703703703706
1 0.9825520833333333 0.2953703703703704 0.034895833333333334 0.2759259259259259