6 0.4744791666666667 0.549074074074074 0.159375 0.2833333333333333
3 0.6697916666666667 0.55 0.146875 0.3148148148148148
8 0.2953125 0.6074074074074074 0.165625 0.29259259259259257
13 0.5411458333333333 0.8490740740740741 0.16770833333333332 0.29814814814814816
15 0.33958333333333335 0.23703703703703705 0.146875 0.3333333333333333
1 0.5401041666666667 0.29444444444444445 0.14166666666666666 0.2537037037037037
6 0.012760416666666666 0.549074074074074 0.025520833333333333 0.29814814814814816
3 0.8927083333333333 0.55 0.134375 0.29814814814814816
8 0.1421875 0.6074074074074074 0.13958333333333334 0.3296296296296296
13 0.9755208333333333 0.8486111111111111 0.04895833333333333 0.30092592592592593
15 0.09791666666666667 0.23703703703703705 0.1296875 0.31203703703703706
1 0.9828125 0.29444444444444445 0.034375 0.2777777777777778