6 0.4744791666666667 0.549074074074074 0.15520833333333334 0.2759259259259259
3 0.6692708333333334 0.55 0.1625 0.28888888888888886
8 0.2953125 0.6083333333333333 0.16666666666666666 0.2962962962962963
13 0.5411458333333333 0.8490740740740741 0.15729166666666666 0.2796296296296296
15 0.33958333333333335 0.23703703703703705 0.153125 0.2722222222222222
1 0.540625 0.2953703703703704 0.14791666666666667 0.2611111111111111
6 0.012760416666666666 0.549074074074074 0.025520833333333333 0.29814814814814816
3 0.8932291666666666 0.55 0.13489583333333333 0.29814814814814816
8 0.1421875 0.6083333333333333 0.13958333333333334 0.3296296296296296
13 0.9755208333333333 0.8486111111111111 0.04895833333333333 0.30092592592592593
15 0.09791666666666667 0.23703703703703705 0.1296875 0.31203703703703706
1 0.9825520833333333 0.2953703703703704 0.034895833333333334 0.2759259259259259