13 0.5078125 0.25462962962962965 0.090625 0.22037037037037038
6 0.4625 0.37962962962962965 0.06875 0.12222222222222222
2 0.6713541666666667 0.47314814814814815 0.11666666666666667 0.2074074074074074
11 0.5729166666666666 0.47962962962962963 0.11979166666666667 0.21296296296296297
14 0.4666666666666667 0.5509259259259259 0.09270833333333334 0.2611111111111111
5 0.3338541666666667 0.5574074074074075 0.11770833333333333 0.2074074074074074
8 0.6125 0.7675925925925926 0.11979166666666667 0.2833333333333333
2 0.8911458333333333 0.47314814814814815 0.09010416666666667 0.23055555555555557
11 0.9716145833333333 0.4791666666666667 0.05677083333333333 0.25277777777777777
5 0.10364583333333334 0.5574074074074075 0.08958333333333333 0.25
8 0.9486979166666667 0.7675925925925926 0.10260416666666666 0.26666666666666666