13 0.5078125 0.25462962962962965 0.10416666666666667 0.18518518518518517
6 0.4625 0.37962962962962965 0.08333333333333333 0.10185185185185185
2 0.6713541666666667 0.47314814814814815 0.09791666666666667 0.24074074074074073
11 0.5729166666666666 0.47962962962962963 0.11875 0.2111111111111111
14 0.4666666666666667 0.5509259259259259 0.121875 0.21666666666666667
5 0.3338541666666667 0.5574074074074075 0.12708333333333333 0.22592592592592592
8 0.6125 0.7675925925925926 0.13645833333333332 0.24259259259259258
2 0.8911458333333333 0.47314814814814815 0.09010416666666667 0.23055555555555557
11 0.9716145833333333 0.4791666666666667 0.05677083333333333 0.25277777777777777
5 0.10364583333333334 0.5574074074074075 0.08958333333333333 0.25
8 0.9486979166666667 0.7675925925925926 0.10260416666666666 0.26666666666666666