6 0.3697916666666667 0.2898148148148148 0.03333333333333333 0.11296296296296296
14 0.40677083333333336 0.3333333333333333 0.052083333333333336 0.09259259259259259
8 0.7723958333333333 0.425 0.04479166666666667 0.07962962962962963
15 0.4479166666666667 0.43148148148148147 0.051041666666666666 0.12222222222222222
12 0.7359375 0.4601851851851852 0.05520833333333333 0.16296296296296298
10 0.6453125 0.4824074074074074 0.065625 0.11666666666666667
13 0.525 0.5074074074074074 0.06979166666666667 0.12407407407407407
2 0.596875 0.525 0.08229166666666667 0.14629629629629629
7 0.6390625 0.6666666666666666 0.10208333333333333 0.18333333333333332
0 0.37916666666666665 0.7638888888888888 0.10625 0.18703703703703703
11 0.7489583333333333 0.8611111111111112 0.11145833333333334 0.19814814814814816
6 0.06770833333333333 0.2898148148148148 0.0296875 0.11018518518518519
14 0.030729166666666665 0.3333333333333333 0.03229166666666667 0.11666666666666667
8 0.7901041666666667 0.425 0.016666666666666666 0.11666666666666667
15 0.006510416666666667 0.4310185185185185 0.013020833333333334 0.11944444444444445
12 0.8265625 0.4601851851851852 0.0515625 0.15925925925925927
10 0.9171875 0.4824074074074074 0.05 0.14629629629629629
2 0.965625 0.525 0.05677083333333333 0.1648148148148148
7 0.9234375 0.6666666666666666 0.0796875 0.1962962962962963
0 0.058333333333333334 0.7638888888888888 0.07552083333333333 0.21666666666666667
11 0.8135416666666667 0.8611111111111112 0.06197916666666667 0.2759259259259259