12 0.3104166666666667 0.4388888888888889 0.115625 0.20555555555555555
7 0.7552083333333334 0.4601851851851852 0.06666666666666667 0.25
15 0.39427083333333335 0.4648148148148148 0.11979166666666667 0.21481481481481482
13 0.4895833333333333 0.5009259259259259 0.11145833333333334 0.19814814814814816
8 0.5541666666666667 0.5268518518518519 0.090625 0.16111111111111112
11 0.5927083333333333 0.5796296296296296 0.09375 0.23333333333333334
0 0.4166666666666667 0.7916666666666666 0.13958333333333334 0.25
12 0.12708333333333333 0.4388888888888889 0.08125 0.22777777777777777
7 0.8072916666666666 0.4601851851851852 0.0515625 0.24351851851851852
15 0.04348958333333333 0.4648148148148148 0.08697916666666666 0.2351851851851852
8 0.9895833333333334 0.5263888888888889 0.020833333333333332 0.20462962962962963
11 0.9638020833333333 0.5791666666666667 0.07239583333333334 0.22314814814814815
0 0.036458333333333336 0.7912037037037037 0.07291666666666667 0.26944444444444443