3 0.2635416666666667 0.33611111111111114 0.07083333333333333 0.20185185185185187
13 0.4625 0.4212962962962963 0.08333333333333333 0.14814814814814814
2 0.740625 0.4888888888888889 0.07395833333333333 0.1537037037037037
12 0.6130208333333333 0.5074074074074074 0.07708333333333334 0.13703703703703704
1 0.3380208333333333 0.5444444444444444 0.09270833333333334 0.1648148148148148
6 0.6895833333333333 0.7222222222222222 0.06875 0.2074074074074074
10 0.434375 0.8166666666666667 0.103125 0.18333333333333332
0 0.37447916666666664 0.08796296296296297 0.07395833333333333 0.13148148148148148
15 0.46979166666666666 0.20925925925925926 0.07708333333333334 0.13703703703703704
3 0.17395833333333333 0.33611111111111114 0.06197916666666667 0.19444444444444445
2 0.821875 0.4888888888888889 0.071875 0.15
12 0.9494791666666667 0.5074074074074074 0.059375 0.1648148148148148
1 0.09947916666666666 0.5444444444444444 0.06458333333333334 0.1962962962962963
6 0.8729166666666667 0.7222222222222222 0.06458333333333334 0.20462962962962963
10 0.023177083333333334 0.8162037037037037 0.04635416666666667 0.21203703703703702
0 0.06302083333333333 0.08796296296296297 0.06197916666666667 0.12962962962962962