6 0.4546875 0.5601851851851852 0.041666666666666664 0.07407407407407407
4 0.5390625 0.5666666666666667 0.053125 0.09259259259259259
3 0.4046875 0.5916666666666667 0.05416666666666667 0.0962962962962963
7 0.30364583333333334 0.7435185185185185 0.13229166666666667 0.2351851851851852
5 0.40260416666666665 0.7509259259259259 0.10208333333333333 0.2574074074074074
1 0.5942708333333333 0.7546296296296297 0.11979166666666667 0.21296296296296297
15 0.696875 0.7555555555555555 0.13333333333333333 0.23703703703703705
14 0.49895833333333334 0.7592592592592593 0.115625 0.20555555555555555
3 0.0328125 0.5916666666666667 0.059375 0.0712962962962963
7 0.13385416666666666 0.7435185185185185 0.09270833333333334 0.26666666666666666
5 0.0390625 0.750462962962963 0.078125 0.24351851851851852
1 0.9622395833333334 0.7541666666666667 0.07552083333333333 0.25277777777777777
15 0.865625 0.7555555555555555 0.0984375 0.25555555555555554