6 0.4546875 0.5601851851851852 0.04479166666666667 0.06481481481481481
4 0.5390625 0.5666666666666667 0.04791666666666667 0.08333333333333333
3 0.4046875 0.5925925925925926 0.05 0.08888888888888889
7 0.30416666666666664 0.7444444444444445 0.13333333333333333 0.23703703703703705
5 0.40260416666666665 0.7509259259259259 0.090625 0.24814814814814815
1 0.5942708333333333 0.7546296296296297 0.09895833333333333 0.26481481481481484
15 0.696875 0.7564814814814815 0.12291666666666666 0.22037037037037038
14 0.49895833333333334 0.7592592592592593 0.11666666666666667 0.2074074074074074
3 0.0328125 0.5925925925925926 0.059375 0.06944444444444445
7 0.13333333333333333 0.7444444444444445 0.0921875 0.26666666666666666
5 0.0390625 0.750462962962963 0.078125 0.24351851851851852
1 0.9622395833333334 0.7541666666666667 0.07552083333333333 0.25277777777777777
15 0.865625 0.7564814814814815 0.09739583333333333 0.25462962962962965