1 0.3692708333333333 0.2564814814814815 0.06354166666666666 0.07222222222222222
0 0.278125 0.2722222222222222 0.07708333333333334 0.13703703703703704
6 0.5114583333333333 0.28425925925925927 0.071875 0.0962962962962963
7 0.6036458333333333 0.29907407407407405 0.08229166666666667 0.14629629629629629
8 0.7192708333333333 0.3037037037037037 0.08541666666666667 0.15185185185185185
15 0.41822916666666665 0.35648148148148145 0.15 0.2037037037037037
4 0.5598958333333334 0.36944444444444446 0.08020833333333334 0.14074074074074075
2 0.2947916666666667 0.38055555555555554 0.08958333333333333 0.15925925925925927
3 0.6828125 0.4 0.12916666666666668 0.1388888888888889
14 0.3453125 0.4888888888888889 0.11354166666666667 0.20185185185185187
11 0.6338541666666667 0.4898148148148148 0.10416666666666667 0.18518518518518517
10 0.49895833333333334 0.4981481481481482 0.10625 0.1648148148148148
12 0.40989583333333335 0.6425925925925926 0.16666666666666666 0.19444444444444445
9 0.5666666666666667 0.6518518518518519 0.12708333333333333 0.22592592592592592
13 0.490625 0.8416666666666667 0.184375 0.31666666666666665
1 0.06822916666666666 0.2564814814814815 0.06041666666666667 0.06018518518518518
0 0.159375 0.2722222222222222 0.08958333333333333 0.10092592592592593
7 0.9544270833333334 0.29907407407407405 0.09114583333333333 0.10740740740740741
8 0.8432291666666667 0.3037037037037037 0.1125 0.09444444444444444
15 0.04505208333333333 0.35648148148148145 0.09010416666666667 0.18518518518518517
4 0.97734375 0.36944444444444446 0.0453125 0.0962962962962963
2 0.14270833333333333 0.38055555555555554 0.1 0.11203703703703703
3 0.8796875 0.4 0.12552083333333333 0.125
14 0.0921875 0.4888888888888889 0.1375 0.15
11 0.9286458333333333 0.4898148148148148 0.1203125 0.15
12 0.05520833333333333 0.6421296296296296 0.11041666666666666 0.19166666666666668
9 0.9596354166666666 0.6513888888888889 0.08072916666666667 0.17314814814814813
13 0.025520833333333333 0.8481481481481481 0.051041666666666666 0.25925925925925924