1 0.5057291666666667 0.4777777777777778 0.05520833333333333 0.09814814814814815
15 0.6453125 0.5148148148148148 0.06354166666666666 0.053703703703703705
0 0.36822916666666666 0.5166666666666667 0.06354166666666666 0.07592592592592592
14 0.3 0.6537037037037037 0.14375 0.25555555555555554
4 0.6072916666666667 0.6574074074074074 0.12604166666666666 0.22407407407407406
9 0.4109375 0.6601851851851852 0.13854166666666667 0.2462962962962963
2 0.7078125 0.6620370370370371 0.115625 0.2796296296296296
11 0.5104166666666666 0.674074074074074 0.09583333333333334 0.29444444444444445
15 0.9171875 0.5148148148148148 0.0640625 0.05277777777777778
0 0.06927083333333334 0.5166666666666667 0.06041666666666667 0.06481481481481481
14 0.1375 0.6537037037037037 0.10677083333333333 0.2851851851851852
4 0.9544270833333334 0.6569444444444444 0.09114583333333333 0.25092592592592594
9 0.03697916666666667 0.6597222222222222 0.07395833333333333 0.2935185185185185
2 0.8546875 0.6620370370370371 0.1 0.262037037037037