14 0.5010416666666667 0.2462962962962963 0.09166666666666666 0.16296296296296298
0 0.51875 0.3861111111111111 0.09583333333333334 0.17037037037037037
2 0.49895833333333334 0.5842592592592593 0.084375 0.2574074074074074
13 0.31302083333333336 0.7796296296296297 0.13333333333333333 0.23703703703703705
9 0.6604166666666667 0.08425925925925926 0.08333333333333333 0.14814814814814814
15 0.30572916666666666 0.09074074074074075 0.058333333333333334 0.15925925925925927
8 0.3546875 0.1361111111111111 0.05625 0.16296296296296298
1 0.6270833333333333 0.2111111111111111 0.084375 0.18518518518518517
13 0.12447916666666667 0.7796296296296297 0.10416666666666667 0.2712962962962963
9 0.9020833333333333 0.08425925925925926 0.059375 0.1685185185185185
15 0.13177083333333334 0.09074074074074075 0.050520833333333334 0.15092592592592594
8 0.0828125 0.1361111111111111 0.05260416666666667 0.16018518518518518
1 0.9354166666666667 0.2111111111111111 0.07552083333333333 0.17314814814814813