14 0.5010416666666667 0.2462962962962963 0.09270833333333334 0.1648148148148148
0 0.51875 0.3861111111111111 0.1 0.17777777777777778
2 0.49895833333333334 0.5842592592592593 0.125 0.2222222222222222
13 0.3125 0.7796296296296297 0.12083333333333333 0.28888888888888886
9 0.66015625 0.08425925925925926 0.059895833333333336 0.1685185185185185
15 0.30572916666666666 0.09074074074074075 0.05416666666666667 0.15555555555555556
8 0.3546875 0.1361111111111111 0.05625 0.1648148148148148
1 0.6270833333333333 0.2111111111111111 0.084375 0.18518518518518517
13 0.125 0.7796296296296297 0.10416666666666667 0.2712962962962963
9 0.9020833333333333 0.08425925925925926 0.059375 0.1685185185185185
15 0.13177083333333334 0.09074074074074075 0.050520833333333334 0.15092592592592594
8 0.0828125 0.1361111111111111 0.05260416666666667 0.16018518518518518
1 0.9354166666666667 0.2111111111111111 0.07552083333333333 0.17314814814814813