1 0.390625 0.30648148148148147 0.05416666666666667 0.19444444444444445
8 0.25729166666666664 0.3574074074074074 0.08541666666666667 0.15185185185185185
12 0.33541666666666664 0.3638888888888889 0.0875 0.15555555555555556
2 0.56875 0.39351851851851855 0.10520833333333333 0.18888888888888888
10 0.4317708333333333 0.40185185185185185 0.06770833333333333 0.1814814814814815
13 0.46875 0.49444444444444446 0.103125 0.18518518518518517
4 0.4546875 0.1824074074074074 0.07395833333333333 0.13148148148148148
1 0.046875 0.30648148148148147 0.04739583333333333 0.19166666666666668
8 0.18020833333333333 0.3574074074074074 0.06041666666666667 0.18703703703703703
12 0.10208333333333333 0.3638888888888889 0.06458333333333334 0.1935185185185185
2 0.978125 0.39351851851851855 0.04375 0.20925925925925926
10 0.01796875 0.4013888888888889 0.0359375 0.17314814814814813