1 0.390625 0.30648148148148147 0.08333333333333333 0.15
8 0.2578125 0.3574074074074074 0.06354166666666666 0.18888888888888888
12 0.33541666666666664 0.3638888888888889 0.09166666666666666 0.16111111111111112
2 0.56875 0.39351851851851855 0.10520833333333333 0.18703703703703703
10 0.4317708333333333 0.40185185185185185 0.071875 0.18518518518518517
13 0.46875 0.49444444444444446 0.10729166666666666 0.1925925925925926
4 0.4546875 0.1824074074074074 0.07604166666666666 0.13518518518518519
1 0.046875 0.30648148148148147 0.04739583333333333 0.19166666666666668
8 0.1796875 0.3574074074074074 0.06041666666666667 0.18703703703703703
12 0.10208333333333333 0.3638888888888889 0.06458333333333334 0.1935185185185185
2 0.978125 0.39351851851851855 0.04375 0.20925925925925926
10 0.01796875 0.4013888888888889 0.0359375 0.17314814814814813