1 0.390625 0.30648148148148147 0.078125 0.1388888888888889
8 0.2578125 0.3574074074074074 0.08333333333333333 0.14814814814814814
12 0.33541666666666664 0.3638888888888889 0.09479166666666666 0.16666666666666666
2 0.56875 0.39351851851851855 0.08645833333333333 0.22037037037037038
10 0.4317708333333333 0.40185185185185185 0.08645833333333333 0.1537037037037037
13 0.46875 0.49444444444444446 0.08854166666666667 0.21481481481481482
4 0.4546875 0.1824074074074074 0.071875 0.12777777777777777
1 0.046875 0.30648148148148147 0.04739583333333333 0.19166666666666668
8 0.1796875 0.3574074074074074 0.06041666666666667 0.18703703703703703
12 0.10208333333333333 0.3638888888888889 0.06458333333333334 0.1935185185185185
2 0.978125 0.39351851851851855 0.04375 0.20925925925925926
10 0.01796875 0.4013888888888889 0.0359375 0.17314814814814813