1 0.390625 0.30648148148148147 0.08020833333333334 0.1425925925925926
8 0.2578125 0.3574074074074074 0.07083333333333333 0.1962962962962963
12 0.33541666666666664 0.3638888888888889 0.0875 0.15555555555555556
2 0.56875 0.39351851851851855 0.09583333333333334 0.17222222222222222
10 0.4317708333333333 0.40185185185185185 0.0875 0.15555555555555556
13 0.46875 0.49444444444444446 0.10729166666666666 0.1925925925925926
4 0.4546875 0.1824074074074074 0.07916666666666666 0.14074074074074075
1 0.046875 0.30648148148148147 0.04739583333333333 0.19166666666666668
8 0.1796875 0.3574074074074074 0.06041666666666667 0.18703703703703703
12 0.10208333333333333 0.3638888888888889 0.06458333333333334 0.1935185185185185
2 0.978125 0.39351851851851855 0.04375 0.20925925925925926
10 0.01796875 0.4013888888888889 0.0359375 0.17314814814814813