1 0.3921875 0.2564814814814815 0.09270833333333334 0.07962962962962963
6 0.496875 0.25925925925925924 0.09791666666666667 0.0962962962962963
2 0.31145833333333334 0.34444444444444444 0.11145833333333334 0.12777777777777777
15 0.690625 0.3472222222222222 0.09583333333333334 0.17222222222222222
5 0.43333333333333335 0.35462962962962963 0.096875 0.17222222222222222
4 0.5583333333333333 0.3592592592592593 0.1 0.11296296296296296
9 0.6369791666666667 0.4546296296296296 0.12916666666666668 0.1388888888888889
14 0.34791666666666665 0.46944444444444444 0.14375 0.14074074074074075
11 0.4953125 0.5574074074074075 0.178125 0.31666666666666665
3 0.621875 0.6027777777777777 0.10104166666666667 0.17777777777777778
12 0.37447916666666664 0.6203703703703703 0.10104166666666667 0.17962962962962964
13 0.49895833333333334 0.8092592592592592 0.2125 0.30185185185185187
7 0.6026041666666667 0.24259259259259258 0.07291666666666667 0.12777777777777777
1 0.0453125 0.2564814814814815 0.09010416666666667 0.06666666666666667
2 0.12604166666666666 0.34444444444444444 0.10885416666666667 0.11944444444444445
15 0.871875 0.3472222222222222 0.12083333333333333 0.11388888888888889
5 0.03203125 0.3541666666666667 0.0640625 0.10092592592592593
4 0.9776041666666667 0.3592592592592593 0.04479166666666667 0.10740740740740741
9 0.9255208333333333 0.4546296296296296 0.128125 0.13425925925925927
14 0.08958333333333333 0.46944444444444444 0.13958333333333334 0.11944444444444445
3 0.940625 0.6027777777777777 0.07552083333333333 0.18981481481481483
12 0.06302083333333333 0.6203703703703703 0.08489583333333334 0.17592592592592593
7 0.9575520833333333 0.24259259259259258 0.08489583333333334 0.09444444444444444