1 0.3921875 0.2564814814814815 0.09166666666666666 0.07222222222222222
6 0.496875 0.25925925925925924 0.07291666666666667 0.12962962962962962
2 0.31145833333333334 0.34444444444444444 0.115625 0.14074074074074075
15 0.690625 0.3472222222222222 0.12604166666666666 0.13518518518518519
5 0.43333333333333335 0.35462962962962963 0.12083333333333333 0.1037037037037037
4 0.5578125 0.3592592592592593 0.08333333333333333 0.14814814814814814
9 0.6369791666666667 0.4546296296296296 0.10625 0.18888888888888888
14 0.34791666666666665 0.46944444444444444 0.14270833333333333 0.13333333333333333
11 0.4953125 0.5574074074074075 0.17708333333333334 0.3148148148148148
3 0.621875 0.6027777777777777 0.07916666666666666 0.1962962962962963
12 0.37447916666666664 0.6203703703703703 0.08645833333333333 0.17777777777777778
13 0.49895833333333334 0.8092592592592592 0.18020833333333333 0.32037037037037036
7 0.6026041666666667 0.24259259259259258 0.08958333333333333 0.0962962962962963
1 0.0453125 0.2564814814814815 0.09010416666666667 0.06666666666666667
2 0.12604166666666666 0.34444444444444444 0.10885416666666667 0.11944444444444445
15 0.871875 0.3472222222222222 0.12083333333333333 0.11388888888888889
5 0.03203125 0.3541666666666667 0.0640625 0.10092592592592593
4 0.9776041666666667 0.3592592592592593 0.04479166666666667 0.10740740740740741
9 0.9255208333333333 0.4546296296296296 0.128125 0.13425925925925927
14 0.08958333333333333 0.46944444444444444 0.13958333333333334 0.11944444444444445
3 0.940625 0.6027777777777777 0.07552083333333333 0.18981481481481483
12 0.06302083333333333 0.6203703703703703 0.08489583333333334 0.17592592592592593
7 0.9575520833333333 0.24259259259259258 0.08489583333333334 0.09444444444444444