1 0.3921875 0.2564814814814815 0.09010416666666667 0.06666666666666667
6 0.496875 0.25925925925925924 0.09479166666666666 0.08703703703703704
2 0.31145833333333334 0.34444444444444444 0.10885416666666667 0.11944444444444445
15 0.690625 0.3472222222222222 0.12083333333333333 0.11388888888888889
5 0.4328125 0.35462962962962963 0.1203125 0.10092592592592593
4 0.5583333333333333 0.3592592592592593 0.09739583333333333 0.10740740740740741
9 0.6369791666666667 0.4546296296296296 0.128125 0.13425925925925927
14 0.34791666666666665 0.4685185185185185 0.13958333333333334 0.11944444444444445
11 0.4953125 0.5574074074074075 0.17708333333333334 0.28425925925925927
3 0.621875 0.6027777777777777 0.07552083333333333 0.18981481481481483
12 0.37447916666666664 0.6203703703703703 0.08489583333333334 0.17592592592592593
13 0.49895833333333334 0.8092592592592592 0.1984375 0.2638888888888889
7 0.6026041666666667 0.24259259259259258 0.08958333333333333 0.09444444444444444
1 0.0453125 0.2564814814814815 0.09010416666666667 0.06666666666666667
2 0.12604166666666666 0.34444444444444444 0.10885416666666667 0.11944444444444445
15 0.871875 0.3472222222222222 0.12083333333333333 0.11388888888888889
5 0.03229166666666667 0.3541666666666667 0.06458333333333334 0.10092592592592593
4 0.9776041666666667 0.3592592592592593 0.04479166666666667 0.10740740740740741
9 0.9255208333333333 0.4546296296296296 0.128125 0.13425925925925927
14 0.08958333333333333 0.4685185185185185 0.13958333333333334 0.11944444444444445
3 0.940625 0.6027777777777777 0.07552083333333333 0.18981481481481483
12 0.06302083333333333 0.6203703703703703 0.08489583333333334 0.17592592592592593
7 0.9575520833333333 0.24259259259259258 0.08489583333333334 0.09444444444444444