3 0.3380208333333333 0.25 0.10729166666666666 0.26296296296296295
15 0.5895833333333333 0.3296296296296296 0.057291666666666664 0.10185185185185185
0 0.5453125 0.3296296296296296 0.0625 0.1111111111111111
1 0.4921875 0.34074074074074073 0.07604166666666666 0.13333333333333333
4 0.41822916666666665 0.3814814814814815 0.08541666666666667 0.24814814814814815
5 0.609375 0.4546296296296296 0.05520833333333333 0.15555555555555556
8 0.5583333333333333 0.4666666666666667 0.06458333333333334 0.16111111111111112
7 0.49635416666666665 0.5361111111111111 0.10208333333333333 0.26666666666666666
6 0.6322916666666667 0.600925925925926 0.06666666666666667 0.17222222222222222
11 0.5713541666666667 0.6648148148148149 0.09479166666666666 0.2851851851851852
12 0.6541666666666667 0.8055555555555556 0.10729166666666666 0.29444444444444445
2 0.41822916666666665 0.20925925925925926 0.084375 0.15
4 0.5260416666666666 0.2212962962962963 0.052083333333333336 0.09259259259259259
3 0.48020833333333335 0.225 0.06458333333333334 0.11481481481481481
14 0.5692708333333333 0.225 0.057291666666666664 0.10185185185185185
3 0.09947916666666666 0.25 0.09479166666666666 0.25
15 0.9729166666666667 0.3296296296296296 0.04479166666666667 0.11481481481481481
4 0.030729166666666665 0.3814814814814815 0.06145833333333333 0.24814814814814815
5 0.953125 0.4546296296296296 0.050520833333333334 0.15092592592592594
8 0.98828125 0.46620370370370373 0.0234375 0.1527777777777778
6 0.9302083333333333 0.600925925925926 0.06458333333333334 0.1685185185185185
11 0.97421875 0.6648148148148149 0.0515625 0.2759259259259259
12 0.9083333333333333 0.8055555555555556 0.09739583333333333 0.28425925925925927
2 0.026822916666666665 0.20925925925925926 0.05364583333333333 0.15
14 0.9859375 0.22453703703703703 0.028125 0.11018518518518519