3 0.3380208333333333 0.25 0.09479166666666666 0.25
15 0.5895833333333333 0.3296296296296296 0.04479166666666667 0.11481481481481481
0 0.5453125 0.3296296296296296 0.04739583333333333 0.12962962962962962
1 0.49166666666666664 0.34074074074074073 0.06458333333333334 0.15092592592592594
4 0.41822916666666665 0.3814814814814815 0.084375 0.24814814814814815
5 0.609375 0.4546296296296296 0.050520833333333334 0.15092592592592594
8 0.5578125 0.4666666666666667 0.05520833333333333 0.1527777777777778
7 0.49635416666666665 0.5361111111111111 0.08958333333333333 0.25462962962962965
6 0.6322916666666667 0.600925925925926 0.06458333333333334 0.1685185185185185
11 0.5713541666666667 0.6648148148148149 0.08489583333333334 0.2759259259259259
12 0.6541666666666667 0.8055555555555556 0.09739583333333333 0.28425925925925927
2 0.41822916666666665 0.20925925925925926 0.06927083333333334 0.15
4 0.5260416666666666 0.2212962962962963 0.0421875 0.10277777777777777
3 0.4796875 0.225 0.050520833333333334 0.12777777777777777
14 0.5692708333333333 0.225 0.0421875 0.11018518518518519
3 0.09947916666666666 0.25 0.09479166666666666 0.25
15 0.9729166666666667 0.3296296296296296 0.04479166666666667 0.11481481481481481
4 0.030729166666666665 0.3814814814814815 0.06145833333333333 0.24814814814814815
5 0.953125 0.4546296296296296 0.050520833333333334 0.15092592592592594
8 0.9885416666666667 0.46620370370370373 0.022916666666666665 0.1527777777777778
6 0.9302083333333333 0.600925925925926 0.06458333333333334 0.1685185185185185
11 0.97421875 0.6648148148148149 0.0515625 0.2759259259259259
12 0.9083333333333333 0.8055555555555556 0.09739583333333333 0.28425925925925927
2 0.026822916666666665 0.20925925925925926 0.05364583333333333 0.15
14 0.9859375 0.22453703703703703 0.028125 0.11018518518518519