3 0.3380208333333333 0.25 0.096875 0.2518518518518518
15 0.5895833333333333 0.3296296296296296 0.05520833333333333 0.09814814814814815
0 0.5453125 0.3296296296296296 0.06666666666666667 0.11851851851851852
1 0.4921875 0.34074074074074073 0.08125 0.14444444444444443
4 0.41822916666666665 0.3814814814814815 0.09583333333333334 0.25925925925925924
5 0.609375 0.4546296296296296 0.052083333333333336 0.15185185185185185
8 0.5583333333333333 0.4666666666666667 0.07395833333333333 0.13148148148148148
7 0.49635416666666665 0.5361111111111111 0.090625 0.25555555555555554
6 0.6322916666666667 0.600925925925926 0.07916666666666666 0.1425925925925926
11 0.5713541666666667 0.6648148148148149 0.1 0.28888888888888886
12 0.6541666666666667 0.8055555555555556 0.13645833333333332 0.24259259259259258
2 0.41822916666666665 0.20925925925925926 0.08020833333333334 0.14444444444444443
4 0.5260416666666666 0.2212962962962963 0.04479166666666667 0.10555555555555556
3 0.48020833333333335 0.225 0.052083333333333336 0.12962962962962962
14 0.5692708333333333 0.225 0.058333333333333334 0.1037037037037037
3 0.09947916666666666 0.25 0.09479166666666666 0.25
15 0.9729166666666667 0.3296296296296296 0.04479166666666667 0.11481481481481481
4 0.030729166666666665 0.3814814814814815 0.06145833333333333 0.24814814814814815
5 0.953125 0.4546296296296296 0.050520833333333334 0.15092592592592594
8 0.98828125 0.46620370370370373 0.0234375 0.1527777777777778
6 0.9302083333333333 0.600925925925926 0.06458333333333334 0.1685185185185185
11 0.97421875 0.6648148148148149 0.0515625 0.2759259259259259
12 0.9083333333333333 0.8055555555555556 0.09739583333333333 0.28425925925925927
2 0.026822916666666665 0.20925925925925926 0.05364583333333333 0.15
14 0.9859375 0.22453703703703703 0.028125 0.11203703703703703