12 0.5838541666666667 0.2824074074074074 0.053125 0.10925925925925926
8 0.4979166666666667 0.30925925925925923 0.057291666666666664 0.10185185185185185
6 0.675 0.3212962962962963 0.07083333333333333 0.1259259259259259
3 0.5645833333333333 0.3648148148148148 0.046875 0.11296296296296296
7 0.6375 0.3851851851851852 0.06666666666666667 0.11851851851851852
15 0.5109375 0.39814814814814814 0.065625 0.13703703703703704
2 0.6338541666666667 0.04351851851851852 0.034375 0.05740740740740741
14 0.6005208333333333 0.4685185185185185 0.075 0.19074074074074074
0 0.5307291666666667 0.5222222222222223 0.071875 0.18333333333333332
5 0.6244791666666667 0.14907407407407408 0.05 0.08888888888888889
3 0.5984375 0.225 0.046875 0.08333333333333333
11 0.509375 0.2361111111111111 0.04895833333333333 0.08703703703703704
12 0.97734375 0.28194444444444444 0.0453125 0.10277777777777777
6 0.8875 0.3212962962962963 0.05 0.13703703703703704
3 0.98828125 0.3648148148148148 0.0234375 0.10740740740740741
7 0.925 0.3851851851851852 0.059375 0.11481481481481481
2 0.9286458333333333 0.04351851851851852 0.033854166666666664 0.05555555555555555
14 0.9619791666666667 0.4685185185185185 0.065625 0.18055555555555555
5 0.9380208333333333 0.14907407407407408 0.03333333333333333 0.11018518518518519
3 0.9640625 0.225 0.04479166666666667 0.0824074074074074