13 0.525 0.42777777777777776 0.0625 0.1111111111111111
3 0.2552083333333333 0.42962962962962964 0.05625 0.13703703703703704
12 0.4744791666666667 0.4527777777777778 0.07083333333333333 0.12777777777777777
9 0.3546875 0.5388888888888889 0.08229166666666667 0.14444444444444443
2 0.2484375 0.5768518518518518 0.06770833333333333 0.17222222222222222
7 0.35572916666666665 0.7064814814814815 0.09479166666666666 0.1685185185185185
11 0.39375 0.1648148148148148 0.06875 0.12222222222222222
4 0.34739583333333335 0.1787037037037037 0.04895833333333333 0.08703703703703704
3 0.18229166666666666 0.42962962962962964 0.05520833333333333 0.13703703703703704
9 0.0828125 0.5388888888888889 0.0703125 0.15925925925925927
2 0.1890625 0.5768518518518518 0.059375 0.1638888888888889
7 0.08177083333333333 0.7064814814814815 0.0703125 0.18518518518518517
11 0.04375 0.1648148148148148 0.04479166666666667 0.15
4 0.09010416666666667 0.1787037037037037 0.03229166666666667 0.11388888888888889