13 0.525 0.42777777777777776 0.06770833333333333 0.12037037037037036
3 0.2546875 0.42962962962962964 0.071875 0.12962962962962962
12 0.4744791666666667 0.4527777777777778 0.06458333333333334 0.15555555555555556
9 0.3546875 0.5388888888888889 0.075 0.16666666666666666
2 0.2484375 0.575925925925926 0.08125 0.14444444444444443
7 0.35572916666666665 0.7064814814814815 0.09479166666666666 0.1685185185185185
11 0.39375 0.1648148148148148 0.07083333333333333 0.1259259259259259
4 0.34739583333333335 0.1787037037037037 0.051041666666666666 0.09074074074074075
3 0.1828125 0.42962962962962964 0.05520833333333333 0.13703703703703704
9 0.0828125 0.5388888888888889 0.0703125 0.15925925925925927
2 0.1890625 0.575925925925926 0.059375 0.1648148148148148
7 0.08177083333333333 0.7064814814814815 0.0703125 0.18518518518518517
11 0.04375 0.1648148148148148 0.04479166666666667 0.15
4 0.09010416666666667 0.1787037037037037 0.03229166666666667 0.11388888888888889