13 0.525 0.42777777777777776 0.06666666666666667 0.11851851851851852
3 0.2546875 0.42962962962962964 0.059375 0.1425925925925926
12 0.4744791666666667 0.4527777777777778 0.06458333333333334 0.15555555555555556
9 0.3546875 0.5388888888888889 0.08541666666666667 0.15
2 0.2484375 0.575925925925926 0.078125 0.1388888888888889
7 0.35572916666666665 0.7064814814814815 0.08125 0.19814814814814816
11 0.39375 0.1648148148148148 0.07083333333333333 0.1259259259259259
4 0.346875 0.17777777777777778 0.053125 0.09444444444444444
3 0.1828125 0.42962962962962964 0.05520833333333333 0.13703703703703704
9 0.0828125 0.5388888888888889 0.0703125 0.15925925925925927
2 0.1890625 0.575925925925926 0.059375 0.1648148148148148
7 0.08177083333333333 0.7064814814814815 0.0703125 0.18518518518518517
11 0.04375 0.1648148148148148 0.04479166666666667 0.15
4 0.090625 0.17777777777777778 0.03229166666666667 0.11388888888888889