13 0.525 0.42777777777777776 0.04375 0.14814814814814814
3 0.2552083333333333 0.42962962962962964 0.0625 0.14629629629629629
12 0.4744791666666667 0.4527777777777778 0.07708333333333334 0.1388888888888889
9 0.3546875 0.5388888888888889 0.08645833333333333 0.15185185185185185
2 0.2484375 0.5768518518518518 0.08020833333333334 0.1425925925925926
7 0.35572916666666665 0.7064814814814815 0.09583333333333334 0.1685185185185185
11 0.39375 0.1648148148148148 0.065625 0.11666666666666667
4 0.34739583333333335 0.1787037037037037 0.034375 0.11481481481481481
3 0.18229166666666666 0.42962962962962964 0.05520833333333333 0.13703703703703704
9 0.0828125 0.5388888888888889 0.0703125 0.15925925925925927
2 0.1890625 0.5768518518518518 0.059375 0.1638888888888889
7 0.08177083333333333 0.7064814814814815 0.0703125 0.18518518518518517
11 0.04375 0.1648148148148148 0.04479166666666667 0.15
4 0.09010416666666667 0.1787037037037037 0.03229166666666667 0.11388888888888889