8 0.721875 0.2518518518518518 0.11770833333333333 0.13333333333333333
15 0.6859375 0.34814814814814815 0.1125 0.19814814814814816
5 0.43072916666666666 0.3574074074074074 0.11666666666666667 0.2074074074074074
2 0.3 0.3638888888888889 0.09479166666666666 0.1685185185185185
4 0.5526041666666667 0.3638888888888889 0.10625 0.18888888888888888
9 0.6265625 0.4703703703703704 0.12395833333333334 0.15555555555555556
14 0.34791666666666665 0.4824074074074074 0.12708333333333333 0.22407407407407406
11 0.4984375 0.6194444444444445 0.18020833333333333 0.32037037037037036
3 0.6234375 0.6231481481481481 0.1125 0.19814814814814816
12 0.36875 0.6287037037037037 0.11458333333333333 0.19814814814814816
13 0.4942708333333333 0.8416666666666667 0.19895833333333332 0.2462962962962963
1 0.38333333333333336 0.23796296296296296 0.10104166666666667 0.17962962962962964
10 0.4921875 0.24259259259259258 0.12604166666666666 0.1388888888888889
7 0.6151041666666667 0.24259259259259258 0.08854166666666667 0.1574074074074074
0 0.2635416666666667 0.24722222222222223 0.08645833333333333 0.1537037037037037
8 0.840625 0.2518518518518518 0.1125 0.11666666666666667
15 0.8765625 0.34814814814814815 0.13489583333333333 0.12129629629629629
5 0.0359375 0.3574074074074074 0.071875 0.15
2 0.1375 0.3638888888888889 0.10677083333333333 0.13425925925925927
4 0.9776041666666667 0.3638888888888889 0.04479166666666667 0.14629629629629629
9 0.9359375 0.4703703703703704 0.11666666666666667 0.13240740740740742
14 0.08958333333333333 0.4824074074074074 0.1421875 0.15555555555555556
3 0.9390625 0.6231481481481481 0.10364583333333334 0.17777777777777778
12 0.06875 0.6287037037037037 0.10677083333333333 0.1824074074074074
13 0.019010416666666665 0.8416666666666667 0.03802083333333333 0.21851851851851853
1 0.05755208333333333 0.2375 0.11510416666666666 0.11944444444444445
7 0.946875 0.24212962962962964 0.10625 0.12314814814814815
0 0.17395833333333333 0.24722222222222223 0.09010416666666667 0.1388888888888889