8 0.721875 0.2518518518518518 0.09895833333333333 0.17592592592592593
15 0.6859375 0.3490740740740741 0.10729166666666666 0.18888888888888888
5 0.43072916666666666 0.3574074074074074 0.13333333333333333 0.1574074074074074
2 0.3 0.3638888888888889 0.10104166666666667 0.17777777777777778
4 0.553125 0.3638888888888889 0.09791666666666667 0.17407407407407408
9 0.6265625 0.4703703703703704 0.096875 0.17222222222222222
14 0.34791666666666665 0.4824074074074074 0.14791666666666667 0.17407407407407408
11 0.4984375 0.6194444444444445 0.18333333333333332 0.2722222222222222
3 0.6234375 0.6231481481481481 0.10729166666666666 0.18888888888888888
12 0.3692708333333333 0.6287037037037037 0.11145833333333334 0.19074074074074074
13 0.4942708333333333 0.8416666666666667 0.171875 0.3055555555555556
1 0.38333333333333336 0.23796296296296296 0.103125 0.18333333333333332
10 0.4921875 0.24259259259259258 0.10208333333333333 0.17962962962962964
7 0.6151041666666667 0.24259259259259258 0.09166666666666666 0.1648148148148148
0 0.2635416666666667 0.24722222222222223 0.090625 0.1388888888888889
8 0.840625 0.2518518518518518 0.1125 0.11666666666666667
15 0.8765625 0.3490740740740741 0.13489583333333333 0.11944444444444445
5 0.0359375 0.3574074074074074 0.071875 0.15
2 0.1375 0.3638888888888889 0.10677083333333333 0.13425925925925927
4 0.9776041666666667 0.3638888888888889 0.04479166666666667 0.14629629629629629
9 0.9359375 0.4703703703703704 0.11666666666666667 0.13240740740740742
14 0.08958333333333333 0.4824074074074074 0.1421875 0.15555555555555556
3 0.9390625 0.6231481481481481 0.10364583333333334 0.17777777777777778
12 0.06822916666666666 0.6287037037037037 0.1078125 0.1824074074074074
13 0.019010416666666665 0.8416666666666667 0.03802083333333333 0.21851851851851853
1 0.05755208333333333 0.2375 0.11510416666666666 0.11944444444444445
7 0.946875 0.24212962962962964 0.10625 0.12314814814814815
0 0.17395833333333333 0.24722222222222223 0.09010416666666667 0.1388888888888889