5 0.440625 0.26666666666666666 0.0578125 0.05555555555555555
15 0.5192708333333333 0.26944444444444443 0.06927083333333334 0.075
10 0.371875 0.29259259259259257 0.053125 0.0824074074074074
2 0.23697916666666666 0.30185185185185187 0.0296875 0.1638888888888889
8 0.5052083333333334 0.3111111111111111 0.06666666666666667 0.07592592592592592
0 0.43125 0.33425925925925926 0.0578125 0.09351851851851851
7 0.28802083333333334 0.3398148148148148 0.071875 0.14444444444444443
1 0.49895833333333334 0.37222222222222223 0.06666666666666667 0.09814814814814815
4 0.34739583333333335 0.38981481481481484 0.05677083333333333 0.15092592592592594
11 0.4161458333333333 0.42407407407407405 0.071875 0.12962962962962962
14 0.48125 0.49444444444444446 0.0875 0.19444444444444445
13 0.6119791666666666 0.5768518518518518 0.10104166666666667 0.29814814814814816
12 0.5213541666666667 0.19166666666666668 0.06041666666666667 0.06481481481481481
9 0.4546875 0.21481481481481482 0.06041666666666667 0.06666666666666667
6 0.3848958333333333 0.22870370370370371 0.06197916666666667 0.09166666666666666
3 0.31197916666666664 0.24351851851851852 0.06041666666666667 0.10277777777777777
5 0.012760416666666666 0.26666666666666666 0.025520833333333333 0.05555555555555555
10 0.065625 0.29259259259259257 0.053125 0.0824074074074074
2 0.20052083333333334 0.30185185185185187 0.0296875 0.1638888888888889
0 0.017447916666666667 0.3337962962962963 0.034895833333333334 0.09351851851851851
7 0.14947916666666666 0.3398148148148148 0.071875 0.14444444444444443
4 0.09010416666666667 0.38981481481481484 0.05677083333333333 0.15092592592592594
11 0.028645833333333332 0.42407407407407405 0.057291666666666664 0.12962962962962962
13 0.95 0.5768518518518518 0.1 0.29814814814814816
9 0.006510416666666667 0.21481481481481482 0.013020833333333334 0.06666666666666667
6 0.05260416666666667 0.22870370370370371 0.06197916666666667 0.09166666666666666
3 0.12552083333333333 0.24351851851851852 0.06041666666666667 0.10277777777777777