5 0.440625 0.26666666666666666 0.06041666666666667 0.06296296296296296
15 0.5192708333333333 0.26944444444444443 0.05625 0.1
10 0.37135416666666665 0.29259259259259257 0.053125 0.09444444444444444
2 0.23697916666666666 0.30185185185185187 0.06145833333333333 0.1111111111111111
8 0.5052083333333334 0.3101851851851852 0.058333333333333334 0.1037037037037037
0 0.43125 0.33425925925925926 0.05520833333333333 0.09814814814814815
7 0.28802083333333334 0.3388888888888889 0.084375 0.15
1 0.49895833333333334 0.37222222222222223 0.07083333333333333 0.10740740740740741
4 0.34739583333333335 0.38981481481481484 0.0625 0.15555555555555556
11 0.4161458333333333 0.42407407407407405 0.07916666666666666 0.1425925925925926
14 0.48125 0.49444444444444446 0.10625 0.18888888888888888
13 0.6119791666666666 0.5768518518518518 0.14270833333333333 0.2537037037037037
12 0.5213541666666667 0.19166666666666668 0.06354166666666666 0.07777777777777778
9 0.4546875 0.21481481481481482 0.05 0.08888888888888889
6 0.384375 0.22777777777777777 0.06770833333333333 0.1037037037037037
3 0.31145833333333334 0.24351851851851852 0.06354166666666666 0.10740740740740741
5 0.012760416666666666 0.26666666666666666 0.025520833333333333 0.05555555555555555
10 0.06614583333333333 0.29259259259259257 0.053125 0.0824074074074074
2 0.20052083333333334 0.30185185185185187 0.0296875 0.1638888888888889
0 0.017447916666666667 0.3337962962962963 0.034895833333333334 0.09351851851851851
7 0.14947916666666666 0.3388888888888889 0.071875 0.14629629629629629
4 0.09010416666666667 0.38981481481481484 0.05677083333333333 0.15092592592592594
11 0.028645833333333332 0.42407407407407405 0.057291666666666664 0.12962962962962962
13 0.95 0.5768518518518518 0.1 0.29814814814814816
9 0.006510416666666667 0.21481481481481482 0.013020833333333334 0.06666666666666667
6 0.053125 0.22777777777777777 0.06197916666666667 0.09351851851851851
3 0.12604166666666666 0.24351851851851852 0.06041666666666667 0.10277777777777777