2 0.7390625 0.2564814814814815 0.07083333333333333 0.1259259259259259
3 0.31666666666666665 0.2759259259259259 0.08020833333333334 0.1648148148148148
5 0.5026041666666666 0.2777777777777778 0.06979166666666667 0.17407407407407408
10 0.5859375 0.2898148148148148 0.08333333333333333 0.14814814814814814
11 0.6666666666666666 0.31666666666666665 0.06875 0.22037037037037038
1 0.46979166666666666 0.3925925925925926 0.08229166666666667 0.19814814814814816
4 0.7359375 0.4148148148148148 0.09895833333333333 0.17777777777777778
12 0.6104166666666667 0.5777777777777777 0.12604166666666666 0.22407407407407406
0 0.49947916666666664 0.062037037037037036 0.053125 0.09444444444444444
13 0.46875 0.7731481481481481 0.15833333333333333 0.2814814814814815
9 0.728125 0.1287037037037037 0.07083333333333333 0.1259259259259259
15 0.284375 0.15092592592592594 0.07291666666666667 0.12962962962962962
7 0.5296875 0.16574074074074074 0.06041666666666667 0.14814814814814814
14 0.40677083333333336 0.18518518518518517 0.07708333333333334 0.13703703703703704
2 0.8234375 0.2564814814814815 0.06458333333333334 0.1259259259259259
3 0.12083333333333333 0.2759259259259259 0.07291666666666667 0.15555555555555556
10 0.9734375 0.2898148148148148 0.053125 0.17592592592592593
11 0.8958333333333334 0.31666666666666665 0.0640625 0.21666666666666667
4 0.8265625 0.4148148148148148 0.08229166666666667 0.1935185185185185
12 0.9513020833333333 0.5773148148148148 0.09739583333333333 0.25277777777777777
13 0.013802083333333333 0.7726851851851851 0.027604166666666666 0.3212962962962963
9 0.834375 0.1287037037037037 0.0578125 0.1388888888888889
15 0.153125 0.15092592592592594 0.05416666666666667 0.13703703703703704
14 0.030729166666666665 0.18518518518518517 0.06041666666666667 0.15