2 0.7390625 0.25555555555555554 0.06458333333333334 0.125
3 0.31666666666666665 0.2759259259259259 0.07291666666666667 0.15555555555555556
5 0.5026041666666666 0.2777777777777778 0.059375 0.1648148148148148
10 0.5859375 0.2898148148148148 0.059375 0.17592592592592593
11 0.6671875 0.3175925925925926 0.0640625 0.21666666666666667
1 0.46979166666666666 0.3925925925925926 0.07708333333333334 0.19166666666666668
4 0.7359375 0.4148148148148148 0.08229166666666667 0.1935185185185185
12 0.6109375 0.5777777777777777 0.09895833333333333 0.25277777777777777
0 0.49895833333333334 0.062037037037037036 0.04635416666666667 0.10277777777777777
13 0.46875 0.7731481481481481 0.11770833333333333 0.3212962962962963
9 0.728125 0.1287037037037037 0.0578125 0.1388888888888889
15 0.284375 0.15092592592592594 0.05416666666666667 0.13703703703703704
7 0.5296875 0.1648148148148148 0.050520833333333334 0.1388888888888889
14 0.40677083333333336 0.18518518518518517 0.06041666666666667 0.15
2 0.8234375 0.25555555555555554 0.06458333333333334 0.125
3 0.12083333333333333 0.2759259259259259 0.07291666666666667 0.15555555555555556
10 0.9734375 0.2898148148148148 0.053125 0.17592592592592593
11 0.8953125 0.3175925925925926 0.0640625 0.21666666666666667
4 0.8265625 0.4148148148148148 0.08229166666666667 0.1935185185185185
12 0.9510416666666667 0.5773148148148148 0.09791666666666667 0.25277777777777777
13 0.013802083333333333 0.7726851851851851 0.027604166666666666 0.3212962962962963
9 0.834375 0.1287037037037037 0.0578125 0.1388888888888889
15 0.153125 0.15092592592592594 0.05416666666666667 0.13703703703703704
14 0.030729166666666665 0.18518518518518517 0.06041666666666667 0.15