2 0.5953125 0.3814814814814815 0.046875 0.11851851851851852
1 0.5052083333333334 0.38796296296296295 0.053125 0.09444444444444444
8 0.71875 0.39444444444444443 0.057291666666666664 0.1
7 0.6432291666666666 0.39814814814814814 0.053125 0.09444444444444444
0 0.33541666666666664 0.4101851851851852 0.052083333333333336 0.09259259259259259
4 0.7546875 0.45092592592592595 0.046875 0.12407407407407407
6 0.675 0.46574074074074073 0.06041666666666667 0.10740740740740741
5 0.4234375 0.4722222222222222 0.065625 0.11851851851851852
13 0.4796875 0.5148148148148148 0.078125 0.1388888888888889
15 0.2869791666666667 0.5462962962962963 0.09479166666666666 0.19074074074074074
2 0.9671875 0.3814814814814815 0.0421875 0.11388888888888889
8 0.84375 0.39444444444444443 0.04010416666666667 0.11851851851851852
7 0.9192708333333334 0.39814814814814814 0.0421875 0.10277777777777777
0 0.10208333333333333 0.4101851851851852 0.034895833333333334 0.11481481481481481
4 0.8078125 0.45092592592592595 0.04739583333333333 0.125
6 0.8875 0.46574074074074073 0.042708333333333334 0.11944444444444445
5 0.019270833333333334 0.4722222222222222 0.03854166666666667 0.1388888888888889
15 0.15052083333333333 0.5462962962962963 0.084375 0.17592592592592593