5 0.5036458333333333 0.25833333333333336 0.08541666666666667 0.15
7 0.6208333333333333 0.262037037037037 0.08333333333333333 0.15
8 0.728125 0.275 0.09270833333333334 0.1648148148148148
2 0.3140625 0.3611111111111111 0.10416666666666667 0.18518518518518517
6 0.43697916666666664 0.3731481481481482 0.109375 0.14629629629629629
10 0.58125 0.3731481481481482 0.14791666666666667 0.26296296296296295
15 0.7119791666666667 0.38425925925925924 0.09791666666666667 0.17407407407407408
14 0.359375 0.4962962962962963 0.12083333333333333 0.21481481481481482
11 0.4869791666666667 0.5092592592592593 0.11041666666666666 0.1962962962962963
9 0.6369791666666667 0.5101851851851852 0.11979166666666667 0.21296296296296297
12 0.4109375 0.6546296296296297 0.15625 0.2111111111111111
3 0.5666666666666667 0.6685185185185185 0.140625 0.25
13 0.4895833333333333 0.8449074074074074 0.18645833333333334 0.3101851851851852
1 0.3932291666666667 0.24351851851851852 0.09479166666666666 0.10740740740740741
0 0.278125 0.2462962962962963 0.11875 0.10740740740740741
7 0.9416666666666667 0.262037037037037 0.109375 0.0962962962962963
8 0.834375 0.275 0.10520833333333333 0.13240740740740742
2 0.1234375 0.3611111111111111 0.13697916666666668 0.12314814814814815
6 0.026822916666666665 0.3731481481481482 0.05364583333333333 0.13703703703703704
10 0.9505208333333334 0.3726851851851852 0.09895833333333333 0.18981481481481483
15 0.8505208333333333 0.38425925925925924 0.109375 0.14166666666666666
14 0.078125 0.4962962962962963 0.1375 0.15555555555555556
9 0.9255208333333333 0.5101851851851852 0.13697916666666668 0.14629629629629629
12 0.04973958333333333 0.6541666666666667 0.09947916666666666 0.18425925925925926
3 0.9578125 0.6685185185185185 0.084375 0.2
13 0.021875 0.8564814814814815 0.04375 0.2574074074074074
1 0.04583333333333333 0.24351851851851852 0.09166666666666666 0.10555555555555556
0 0.159375 0.2462962962962963 0.11770833333333333 0.10277777777777777