5 0.503125 0.25833333333333336 0.09895833333333333 0.10925925925925926
7 0.6208333333333333 0.262037037037037 0.084375 0.15
8 0.728125 0.275 0.09375 0.16666666666666666
2 0.3140625 0.36018518518518516 0.13958333333333334 0.13333333333333333
6 0.43697916666666664 0.3731481481481482 0.109375 0.14444444444444443
10 0.58125 0.3731481481481482 0.140625 0.25
15 0.7114583333333333 0.38425925925925924 0.11354166666666667 0.15
14 0.359375 0.4962962962962963 0.14166666666666666 0.16666666666666666
11 0.4869791666666667 0.5092592592592593 0.10625 0.18888888888888888
9 0.6369791666666667 0.5101851851851852 0.11458333333333333 0.2037037037037037
12 0.4109375 0.6546296296296297 0.13020833333333334 0.23333333333333334
3 0.5666666666666667 0.6685185185185185 0.16041666666666668 0.2
13 0.4895833333333333 0.8472222222222222 0.18229166666666666 0.3055555555555556
1 0.3932291666666667 0.24351851851851852 0.08020833333333334 0.1425925925925926
0 0.278125 0.2462962962962963 0.08854166666666667 0.1574074074074074
7 0.9416666666666667 0.262037037037037 0.109375 0.0962962962962963
8 0.834375 0.275 0.10520833333333333 0.13240740740740742
2 0.1234375 0.36018518518518516 0.13697916666666668 0.12314814814814815
6 0.026822916666666665 0.3731481481481482 0.05364583333333333 0.13703703703703704
10 0.9505208333333334 0.3726851851851852 0.09895833333333333 0.18981481481481483
15 0.8510416666666667 0.38425925925925924 0.11041666666666666 0.14166666666666666
14 0.078125 0.4962962962962963 0.1375 0.15555555555555556
9 0.9255208333333333 0.5101851851851852 0.13697916666666668 0.14629629629629629
12 0.04973958333333333 0.6541666666666667 0.09947916666666666 0.18425925925925926
3 0.9578125 0.6685185185185185 0.084375 0.2
13 0.021875 0.8564814814814815 0.04375 0.2574074074074074
1 0.04583333333333333 0.24351851851851852 0.09166666666666666 0.10555555555555556
0 0.159375 0.2462962962962963 0.11770833333333333 0.10277777777777777