5 0.503125 0.25833333333333336 0.103125 0.12222222222222222
7 0.6208333333333333 0.262037037037037 0.084375 0.15
8 0.728125 0.275 0.09895833333333333 0.17592592592592593
2 0.3140625 0.36018518518518516 0.14270833333333333 0.15185185185185185
6 0.43697916666666664 0.3731481481481482 0.10104166666666667 0.17962962962962964
10 0.58125 0.3731481481481482 0.1625 0.19814814814814816
15 0.7114583333333333 0.38425925925925924 0.10416666666666667 0.18333333333333332
14 0.359375 0.4962962962962963 0.14583333333333334 0.1814814814814815
11 0.4869791666666667 0.5092592592592593 0.10104166666666667 0.1814814814814815
9 0.6369791666666667 0.5101851851851852 0.13854166666666667 0.15185185185185185
12 0.4109375 0.6546296296296297 0.15520833333333334 0.2074074074074074
3 0.5666666666666667 0.6685185185185185 0.14791666666666667 0.26296296296296295
13 0.48984375 0.8532407407407407 0.16927083333333334 0.2935185185185185
1 0.3932291666666667 0.24351851851851852 0.078125 0.1388888888888889
0 0.278125 0.2462962962962963 0.090625 0.16111111111111112
7 0.9416666666666667 0.262037037037037 0.109375 0.0962962962962963
8 0.834375 0.275 0.10520833333333333 0.13240740740740742
2 0.1234375 0.36018518518518516 0.13697916666666668 0.12314814814814815
6 0.026822916666666665 0.3731481481481482 0.05364583333333333 0.13703703703703704
10 0.9505208333333334 0.3726851851851852 0.09895833333333333 0.18981481481481483
15 0.8510416666666667 0.38425925925925924 0.11041666666666666 0.14166666666666666
14 0.078125 0.4962962962962963 0.1375 0.15555555555555556
9 0.9255208333333333 0.5101851851851852 0.13697916666666668 0.14629629629629629
12 0.04973958333333333 0.6541666666666667 0.09947916666666666 0.18425925925925926
3 0.9578125 0.6685185185185185 0.084375 0.2
13 0.021875 0.8564814814814815 0.04375 0.2574074074074074
1 0.04583333333333333 0.24351851851851852 0.09166666666666666 0.10555555555555556
0 0.159375 0.2462962962962963 0.11770833333333333 0.10277777777777777