0 0.3963541666666667 0.24722222222222223 0.1 0.17777777777777778
10 0.2578125 0.35555555555555557 0.14791666666666667 0.26296296296296295
15 0.5015625 0.4546296296296296 0.15520833333333334 0.3388888888888889
6 0.3265625 0.4861111111111111 0.19166666666666668 0.34074074074074073
12 0.4270833333333333 0.6314814814814815 0.20520833333333333 0.3648148148148148
2 0.5473958333333333 0.23148148148148148 0.11354166666666667 0.2
0 0.04479166666666667 0.24675925925925926 0.08958333333333333 0.16018518518518518
10 0.1796875 0.35555555555555557 0.06927083333333334 0.37777777777777777
6 0.1109375 0.4861111111111111 0.14583333333333334 0.3574074074074074
12 0.04739583333333333 0.6310185185185185 0.09479166666666666 0.41944444444444445
2 0.97734375 0.2310185185185185 0.0453125 0.15092592592592594