0 0.3963541666666667 0.24722222222222223 0.1 0.17777777777777778
10 0.2578125 0.35555555555555557 0.09583333333333334 0.387037037037037
15 0.5015625 0.4546296296296296 0.17604166666666668 0.31296296296296294
6 0.3265625 0.48518518518518516 0.165625 0.3814814814814815
12 0.4270833333333333 0.6314814814814815 0.20729166666666668 0.3685185185185185
2 0.5473958333333333 0.23148148148148148 0.121875 0.1574074074074074
0 0.04479166666666667 0.24675925925925926 0.08958333333333333 0.16018518518518518
10 0.1796875 0.35555555555555557 0.06927083333333334 0.37777777777777777
6 0.1109375 0.48518518518518516 0.14583333333333334 0.3592592592592593
12 0.04739583333333333 0.6310185185185185 0.09479166666666666 0.41944444444444445
2 0.97734375 0.2310185185185185 0.0453125 0.15092592592592594