2 0.32447916666666665 0.42407407407407405 0.08125 0.19444444444444445
14 0.6171875 0.44537037037037036 0.08125 0.21666666666666667
10 0.70625 0.524074074074074 0.09270833333333334 0.16944444444444445
3 0.5473958333333333 0.5638888888888889 0.09479166666666666 0.262037037037037
9 0.26666666666666666 0.5842592592592593 0.09479166666666666 0.2462962962962963
13 0.45989583333333334 0.6814814814814815 0.1078125 0.31666666666666665
4 0.7302083333333333 0.7361111111111112 0.1015625 0.28888888888888886
12 0.5869791666666667 0.8453703703703703 0.11770833333333333 0.3074074074074074
2 0.11302083333333333 0.42407407407407405 0.08125 0.19444444444444445
14 0.9453125 0.44537037037037036 0.08125 0.21666666666666667
10 0.85625 0.524074074074074 0.09270833333333334 0.16944444444444445
3 0.9838541666666667 0.5634259259259259 0.03229166666666667 0.262037037037037
9 0.17083333333333334 0.5842592592592593 0.09479166666666666 0.2462962962962963
13 0.015625 0.6814814814814815 0.03125 0.31666666666666665
4 0.8322916666666667 0.7361111111111112 0.1015625 0.28888888888888886
12 0.9583333333333334 0.8453703703703703 0.08333333333333333 0.3074074074074074