2 0.32395833333333335 0.42314814814814816 0.09270833333333334 0.2074074074074074
14 0.6171875 0.44537037037037036 0.10208333333333333 0.1814814814814815
10 0.70625 0.524074074074074 0.09895833333333333 0.17592592592592593
3 0.5473958333333333 0.5638888888888889 0.12916666666666668 0.22962962962962963
9 0.26666666666666666 0.5842592592592593 0.10416666666666667 0.2574074074074074
13 0.459375 0.6805555555555556 0.15833333333333333 0.2814814814814815
4 0.7302083333333333 0.7361111111111112 0.14479166666666668 0.2574074074074074
12 0.5869791666666667 0.8444444444444444 0.15833333333333333 0.2814814814814815
2 0.11354166666666667 0.42314814814814816 0.08125 0.19444444444444445
14 0.9453125 0.44537037037037036 0.08125 0.21666666666666667
10 0.85625 0.524074074074074 0.09270833333333334 0.16944444444444445
3 0.9838541666666667 0.5634259259259259 0.03229166666666667 0.262037037037037
9 0.17083333333333334 0.5842592592592593 0.09479166666666666 0.2462962962962963
13 0.015885416666666666 0.6805555555555556 0.03177083333333333 0.31851851851851853
4 0.8322916666666667 0.7361111111111112 0.1015625 0.28888888888888886
12 0.9583333333333334 0.8444444444444444 0.08333333333333333 0.30925925925925923