3 0.7453125 0.28888888888888886 0.06666666666666667 0.11851851851851852
8 0.6322916666666667 0.3453703703703704 0.09375 0.1685185185185185
12 0.5734375 0.3731481481481482 0.08020833333333334 0.14444444444444443
9 0.7109375 0.3861111111111111 0.08020833333333334 0.2037037037037037
10 0.4625 0.39537037037037037 0.09166666666666666 0.16296296296296298
13 0.29010416666666666 0.425 0.08020833333333334 0.2222222222222222
2 0.42239583333333336 0.45740740740740743 0.10520833333333333 0.18888888888888888
7 0.5411458333333333 0.6231481481481481 0.14791666666666667 0.26296296296296295
3 0.8171875 0.28888888888888886 0.04635416666666667 0.13703703703703704
8 0.9302083333333333 0.3453703703703704 0.0640625 0.19166666666666668
12 0.9796875 0.3726851851851852 0.040625 0.17314814814814813
9 0.8515625 0.3861111111111111 0.071875 0.19444444444444445
13 0.14739583333333334 0.425 0.06927083333333334 0.21203703703703702
2 0.028125 0.45740740740740743 0.05625 0.2
7 0.9846354166666667 0.6226851851851852 0.030729166666666665 0.2898148148148148