3 0.7453125 0.28888888888888886 0.04635416666666667 0.13703703703703704
8 0.6328125 0.3453703703703704 0.0640625 0.19166666666666668
12 0.5734375 0.37407407407407406 0.059375 0.17314814814814813
9 0.7109375 0.3861111111111111 0.071875 0.19444444444444445
10 0.4625 0.39537037037037037 0.0640625 0.1824074074074074
13 0.29010416666666666 0.425 0.06927083333333334 0.21203703703703702
2 0.42239583333333336 0.45740740740740743 0.08229166666666667 0.2
7 0.5416666666666666 0.6231481481481481 0.10416666666666667 0.2898148148148148
3 0.8171875 0.28888888888888886 0.04635416666666667 0.13703703703703704
8 0.9296875 0.3453703703703704 0.0640625 0.19166666666666668
12 0.9796875 0.3736111111111111 0.040625 0.17314814814814813
9 0.8515625 0.3861111111111111 0.071875 0.19444444444444445
13 0.14739583333333334 0.425 0.06927083333333334 0.21203703703703702
2 0.028125 0.45740740740740743 0.05625 0.2
7 0.984375 0.6226851851851852 0.03125 0.2898148148148148