13 0.396875 0.31574074074074077 0.07291666666666667 0.1962962962962963
14 0.5244791666666667 0.39814814814814814 0.053125 0.09444444444444444
2 0.4828125 0.4537037037037037 0.05520833333333333 0.1
12 0.5666666666666667 0.4648148148148148 0.06458333333333334 0.08888888888888889
6 0.6166666666666667 0.5296296296296297 0.07708333333333334 0.08333333333333333
8 0.528125 0.5305555555555556 0.07291666666666667 0.07777777777777778
10 0.4432291666666667 0.5324074074074074 0.07395833333333333 0.1037037037037037
15 0.5703125 0.6148148148148148 0.0875 0.1111111111111111
0 0.48072916666666665 0.6203703703703703 0.071875 0.1259259259259259
1 0.6640625 0.6203703703703703 0.084375 0.11851851851851852
4 0.3958333333333333 0.625 0.075 0.13333333333333333
3 0.7229166666666667 0.7898148148148149 0.13541666666666666 0.24074074074074073
7 0.5223958333333333 0.799074074074074 0.13541666666666666 0.24074074074074073
11 0.3328125 0.799074074074074 0.11041666666666666 0.2814814814814815
9 0.4276041666666667 0.8055555555555556 0.12604166666666666 0.22407407407407406
5 0.6229166666666667 0.8074074074074075 0.1375 0.24444444444444444
13 0.040625 0.31574074074074077 0.0703125 0.19444444444444445
12 0.9817708333333334 0.4648148148148148 0.036458333333333336 0.08888888888888889
6 0.9458333333333333 0.5296296296296297 0.07552083333333333 0.075
10 0.014322916666666666 0.5319444444444444 0.028645833333333332 0.09351851851851851
15 0.9747395833333333 0.6143518518518518 0.050520833333333334 0.10277777777777777
1 0.8984375 0.6203703703703703 0.08229166666666667 0.11388888888888889
4 0.041666666666666664 0.625 0.0640625 0.12962962962962962
3 0.8395833333333333 0.7898148148148149 0.0953125 0.275
11 0.1046875 0.799074074074074 0.09479166666666666 0.26666666666666666
9 0.026041666666666668 0.8050925925925926 0.052083333333333336 0.28425925925925927
5 0.9395833333333333 0.8074074074074075 0.0875 0.28425925925925927