13 0.396875 0.31574074074074077 0.0703125 0.19444444444444445
14 0.5244791666666667 0.39814814814814814 0.059375 0.08425925925925926
2 0.4828125 0.4537037037037037 0.05416666666666667 0.08888888888888889
12 0.5671875 0.4648148148148148 0.0640625 0.08888888888888889
6 0.6166666666666667 0.5296296296296297 0.07552083333333333 0.075
8 0.528125 0.5305555555555556 0.071875 0.075
10 0.4432291666666667 0.5324074074074074 0.06927083333333334 0.09351851851851851
15 0.5703125 0.6148148148148148 0.08489583333333334 0.10277777777777777
0 0.48072916666666665 0.6203703703703703 0.0640625 0.11666666666666667
1 0.6640625 0.6203703703703703 0.08229166666666667 0.11388888888888889
4 0.3958333333333333 0.625 0.0640625 0.12962962962962962
3 0.7234375 0.7898148148148149 0.0953125 0.275
7 0.5223958333333333 0.799074074074074 0.09479166666666666 0.2824074074074074
11 0.3328125 0.799074074074074 0.09479166666666666 0.26666666666666666
9 0.4276041666666667 0.8055555555555556 0.084375 0.28425925925925927
5 0.6234375 0.8074074074074075 0.08697916666666666 0.28425925925925927
13 0.040625 0.31574074074074077 0.0703125 0.19444444444444445
12 0.9815104166666667 0.4648148148148148 0.03697916666666667 0.08888888888888889
6 0.9458333333333333 0.5296296296296297 0.07552083333333333 0.075
10 0.014322916666666666 0.5319444444444444 0.028645833333333332 0.09351851851851851
15 0.9747395833333333 0.6143518518518518 0.050520833333333334 0.10277777777777777
1 0.8984375 0.6203703703703703 0.08229166666666667 0.11388888888888889
4 0.041666666666666664 0.625 0.0640625 0.12962962962962962
3 0.8390625 0.7898148148148149 0.0953125 0.275
11 0.1046875 0.799074074074074 0.09479166666666666 0.26666666666666666
9 0.026041666666666668 0.8050925925925926 0.052083333333333336 0.28425925925925927
5 0.9390625 0.8074074074074075 0.08697916666666666 0.28425925925925927