13 0.45364583333333336 0.36018518518518516 0.07604166666666666 0.12962962962962962
14 0.65625 0.6138888888888889 0.04479166666666667 0.07962962962962963
0 0.7125 0.6592592592592592 0.036458333333333336 0.06481481481481481
15 0.6755208333333333 0.7574074074074074 0.04583333333333333 0.08148148148148149
6 0.7255208333333333 0.7981481481481482 0.06145833333333333 0.1111111111111111
5 0.678125 0.8555555555555555 0.05625 0.12777777777777777
13 0.01015625 0.3597222222222222 0.0203125 0.125
14 0.90625 0.6138888888888889 0.04010416666666667 0.08425925925925926
0 0.85 0.6592592592592592 0.034895833333333334 0.06018518518518518
15 0.8869791666666667 0.7574074074074074 0.05260416666666667 0.062037037037037036
6 0.8369791666666667 0.7981481481481482 0.04010416666666667 0.13425925925925927
5 0.884375 0.8555555555555555 0.05416666666666667 0.125