7 0.43072916666666666 0.2916666666666667 0.057291666666666664 0.10185185185185185
2 0.4953125 0.31666666666666665 0.06979166666666667 0.10185185185185185
15 0.5588541666666667 0.3675925925925926 0.065625 0.09074074074074075
4 0.43125 0.3768518518518518 0.06145833333333333 0.10925925925925926
12 0.6291666666666667 0.3861111111111111 0.0625 0.07037037037037037
0 0.5010416666666667 0.4148148148148148 0.053125 0.09444444444444444
9 0.5661458333333333 0.45 0.065625 0.08333333333333333
5 0.6984375 0.45925925925925926 0.071875 0.15925925925925927
1 0.4348958333333333 0.46111111111111114 0.07604166666666666 0.07962962962962963
10 0.5052083333333334 0.5009259259259259 0.06354166666666666 0.11296296296296296
8 0.6375 0.5259259259259259 0.07395833333333333 0.14444444444444443
6 0.4354166666666667 0.562037037037037 0.075 0.13333333333333333
11 0.5770833333333333 0.5740740740740741 0.07708333333333334 0.15
14 0.509375 0.6296296296296297 0.084375 0.15
3 0.44166666666666665 0.6898148148148148 0.090625 0.16111111111111112
13 0.4630208333333333 0.09722222222222222 0.09166666666666666 0.16296296296296298
7 0.019791666666666666 0.2912037037037037 0.03958333333333333 0.0712962962962963
15 0.9856770833333334 0.3675925925925926 0.028645833333333332 0.08518518518518518
4 0.020572916666666666 0.3763888888888889 0.04114583333333333 0.0824074074074074
12 0.9333333333333333 0.3861111111111111 0.06197916666666667 0.06944444444444445
9 0.9817708333333334 0.449537037037037 0.036458333333333336 0.0824074074074074
5 0.8640625 0.45925925925925926 0.06666666666666667 0.15092592592592594
1 0.020052083333333335 0.46111111111111114 0.04010416666666667 0.07962962962962963
8 0.925 0.5259259259259259 0.0671875 0.13425925925925927
6 0.022135416666666668 0.5615740740740741 0.044270833333333336 0.10092592592592593
11 0.9747395833333333 0.5736111111111111 0.050520833333333334 0.14166666666666666
3 0.017447916666666667 0.6893518518518519 0.034895833333333334 0.16018518518518518