7 0.43072916666666666 0.2916666666666667 0.057291666666666664 0.10185185185185185
2 0.4953125 0.31666666666666665 0.065625 0.11666666666666667
15 0.5588541666666667 0.3675925925925926 0.06145833333333333 0.10925925925925926
4 0.43125 0.3768518518518518 0.0625 0.1111111111111111
12 0.6291666666666667 0.3861111111111111 0.065625 0.08148148148148149
0 0.5010416666666667 0.4148148148148148 0.058333333333333334 0.07962962962962963
9 0.5661458333333333 0.45 0.06770833333333333 0.08703703703703704
5 0.6984375 0.45925925925925926 0.08125 0.14444444444444443
1 0.4348958333333333 0.46111111111111114 0.06458333333333334 0.11481481481481481
10 0.5052083333333334 0.5018518518518519 0.06666666666666667 0.10185185185185185
8 0.6375 0.5259259259259259 0.075 0.13333333333333333
6 0.4354166666666667 0.562962962962963 0.07291666666666667 0.13148148148148148
11 0.5770833333333333 0.5740740740740741 0.08125 0.14444444444444443
14 0.509375 0.6296296296296297 0.0875 0.15555555555555556
3 0.4421875 0.6898148148148148 0.08854166666666667 0.17592592592592593
13 0.4630208333333333 0.09722222222222222 0.096875 0.17222222222222222
7 0.019791666666666666 0.2912037037037037 0.03958333333333333 0.0712962962962963
15 0.9856770833333334 0.3675925925925926 0.028645833333333332 0.08518518518518518
4 0.020572916666666666 0.3763888888888889 0.04114583333333333 0.0824074074074074
12 0.9333333333333333 0.3861111111111111 0.06197916666666667 0.06944444444444445
9 0.9817708333333334 0.449537037037037 0.036458333333333336 0.0824074074074074
5 0.8640625 0.45925925925925926 0.06666666666666667 0.15092592592592594
1 0.020052083333333335 0.46111111111111114 0.04010416666666667 0.07962962962962963
8 0.925 0.5259259259259259 0.0671875 0.13425925925925927
6 0.022135416666666668 0.5625 0.044270833333333336 0.10092592592592593
11 0.9747395833333333 0.5736111111111111 0.050520833333333334 0.14166666666666666
3 0.0171875 0.6893518518518519 0.034375 0.16018518518518518