12 0.75625 0.2111111111111111 0.046875 0.08333333333333333
7 0.615625 0.22962962962962963 0.0625 0.08148148148148149
5 0.7109375 0.25092592592592594 0.06875 0.12037037037037036
0 0.54375 0.287962962962963 0.090625 0.16111111111111112
13 0.4625 0.47962962962962963 0.12291666666666666 0.1388888888888889
9 0.6296875 0.08703703703703704 0.04479166666666667 0.07962962962962963
8 0.49635416666666665 0.10925925925925926 0.052083333333333336 0.09444444444444444
11 0.421875 0.14166666666666666 0.051041666666666666 0.09259259259259259
2 0.6473958333333333 0.14722222222222223 0.04583333333333333 0.08148148148148149
15 0.3072916666666667 0.15 0.04791666666666667 0.08518518518518518
12 0.80625 0.2111111111111111 0.04895833333333333 0.06666666666666667
7 0.946875 0.22962962962962963 0.059375 0.06944444444444445
5 0.8515625 0.25092592592592594 0.08489583333333334 0.08703703703703704
0 0.9830729166666666 0.2875 0.033854166666666664 0.12314814814814815
13 0.016666666666666666 0.47962962962962963 0.03333333333333333 0.11481481481481481
9 0.9328125 0.08703703703703704 0.04895833333333333 0.05740740740740741
11 0.023697916666666666 0.1412037037037037 0.04739583333333333 0.062037037037037036
2 0.9151041666666667 0.14722222222222223 0.04895833333333333 0.06666666666666667
15 0.13020833333333334 0.15 0.0578125 0.062037037037037036