7 0.603125 0.18518518518518517 0.07083333333333333 0.1259259259259259
4 0.7598958333333333 0.18703703703703703 0.052083333333333336 0.09259259259259259
13 0.27708333333333335 0.18981481481481483 0.06979166666666667 0.12407407407407407
15 0.46875 0.19444444444444445 0.06979166666666667 0.12407407407407407
5 0.7010416666666667 0.2324074074074074 0.06770833333333333 0.12037037037037036
0 0.44635416666666666 0.40925925925925927 0.10104166666666667 0.12962962962962962
2 0.6697916666666667 0.09907407407407408 0.06458333333333334 0.11481481481481481
7 0.959375 0.18518518518518517 0.08125 0.0962962962962963
4 0.8026041666666667 0.18703703703703703 0.0421875 0.10277777777777777
13 0.16041666666666668 0.18981481481481483 0.07447916666666667 0.10092592592592593
5 0.8614583333333333 0.2324074074074074 0.06822916666666666 0.0962962962962963
0 0.020572916666666666 0.40879629629629627 0.04114583333333333 0.125
2 0.8927083333333333 0.09907407407407408 0.07291666666666667 0.0824074074074074