7 0.6026041666666667 0.18518518518518517 0.08125 0.0962962962962963
4 0.7598958333333333 0.18703703703703703 0.0421875 0.10277777777777777
13 0.2765625 0.18981481481481483 0.07447916666666667 0.10092592592592593
15 0.46875 0.19444444444444445 0.08125 0.0824074074074074
5 0.7010416666666667 0.2324074074074074 0.06822916666666666 0.0962962962962963
0 0.44635416666666666 0.40925925925925927 0.1 0.125
2 0.6692708333333334 0.09814814814814815 0.07291666666666667 0.08425925925925926
7 0.9596354166666666 0.18518518518518517 0.08072916666666667 0.0962962962962963
4 0.8026041666666667 0.18703703703703703 0.0421875 0.10277777777777777
13 0.1609375 0.18981481481481483 0.07447916666666667 0.10092592592592593
5 0.8614583333333333 0.2324074074074074 0.06822916666666666 0.0962962962962963
0 0.020572916666666666 0.40879629629629627 0.04114583333333333 0.125
2 0.8932291666666666 0.09814814814814815 0.07291666666666667 0.08425925925925926