8 0.4822916666666667 0.29444444444444445 0.08541666666666667 0.15185185185185185
4 0.725 0.29907407407407405 0.08958333333333333 0.15925925925925927
8 0.596875 0.30092592592592593 0.09479166666666666 0.12407407407407407
1 0.28072916666666664 0.31574074074074077 0.09166666666666666 0.16296296296296298
6 0.6796875 0.39444444444444443 0.10416666666666667 0.18518518518518517
15 0.5307291666666667 0.40185185185185185 0.09791666666666667 0.17407407407407408
14 0.3255208333333333 0.4601851851851852 0.15 0.18333333333333332
11 0.45729166666666665 0.5046296296296297 0.12604166666666666 0.22407407407407406
9 0.6223958333333334 0.5175925925925926 0.134375 0.2388888888888889
3 0.5703125 0.6638888888888889 0.159375 0.21296296296296297
12 0.40520833333333334 0.6638888888888889 0.17083333333333334 0.20925925925925926
13 0.4825520833333333 0.8481481481481481 0.18177083333333333 0.3037037037037037
4 0.8375 0.29907407407407405 0.1125 0.11018518518518519
8 0.9596354166666666 0.30092592592592593 0.08072916666666667 0.11481481481481481
1 0.15677083333333333 0.31574074074074077 0.1 0.1388888888888889
6 0.8828125 0.39444444444444443 0.1203125 0.125
15 0.9861979166666667 0.4013888888888889 0.027604166666666666 0.12314814814814815
14 0.11197916666666667 0.4601851851851852 0.14322916666666666 0.15925925925925927
11 0.024479166666666666 0.5046296296296297 0.04895833333333333 0.15925925925925927
9 0.9299479166666667 0.5171296296296296 0.14010416666666667 0.15092592592592594
3 0.9567708333333333 0.6638888888888889 0.08645833333333333 0.20925925925925926
12 0.05807291666666667 0.6638888888888889 0.11614583333333334 0.2
13 0.02734375 0.8583333333333333 0.0546875 0.24814814814814815