8 0.4822916666666667 0.29444444444444445 0.1 0.10277777777777777
4 0.725 0.29907407407407405 0.1125 0.11018518518518519
8 0.596875 0.30092592592592593 0.0921875 0.11481481481481481
1 0.28072916666666664 0.31574074074074077 0.1 0.1388888888888889
6 0.6796875 0.39444444444444443 0.1203125 0.125
15 0.5307291666666667 0.40185185185185185 0.11822916666666666 0.12314814814814815
14 0.3255208333333333 0.4601851851851852 0.14322916666666666 0.15925925925925927
11 0.45729166666666665 0.5046296296296297 0.1375 0.15925925925925927
9 0.621875 0.5166666666666667 0.16041666666666668 0.1527777777777778
3 0.5703125 0.6638888888888889 0.1578125 0.20925925925925926
12 0.40520833333333334 0.6638888888888889 0.16770833333333332 0.2
13 0.4828125 0.8583333333333333 0.2 0.24814814814814815
4 0.8375 0.29907407407407405 0.1125 0.11018518518518519
8 0.9596354166666666 0.30092592592592593 0.08072916666666667 0.11481481481481481
1 0.15677083333333333 0.31574074074074077 0.1 0.1388888888888889
6 0.8828125 0.39444444444444443 0.1203125 0.125
15 0.9861979166666667 0.4013888888888889 0.027604166666666666 0.12314814814814815
14 0.11197916666666667 0.4601851851851852 0.14322916666666666 0.15925925925925927
11 0.024479166666666666 0.5046296296296297 0.04895833333333333 0.15925925925925927
9 0.9302083333333333 0.5162037037037037 0.13958333333333334 0.1527777777777778
3 0.9565104166666667 0.6638888888888889 0.08697916666666666 0.20925925925925926
12 0.05807291666666667 0.6638888888888889 0.11614583333333334 0.2
13 0.02734375 0.8583333333333333 0.0546875 0.24814814814814815