7 0.29322916666666665 0.287962962962963 0.115625 0.20555555555555555
0 0.6182291666666667 0.29907407407407405 0.103125 0.12407407407407407
4 0.40572916666666664 0.30277777777777776 0.08333333333333333 0.14629629629629629
2 0.515625 0.3111111111111111 0.11041666666666666 0.1388888888888889
14 0.7260416666666667 0.3175925925925926 0.09375 0.16666666666666666
15 0.33489583333333334 0.4166666666666667 0.10729166666666666 0.14629629629629629
6 0.5671875 0.41944444444444445 0.0875 0.1574074074074074
10 0.4552083333333333 0.42685185185185187 0.10208333333333333 0.1814814814814815
9 0.6807291666666667 0.43425925925925923 0.09791666666666667 0.17407407407407408
11 0.5119791666666667 0.5444444444444444 0.103125 0.18518518518518517
3 0.38229166666666664 0.55 0.12916666666666668 0.18333333333333332
5 0.6338541666666667 0.5592592592592592 0.12395833333333334 0.15185185185185185
8 0.42083333333333334 0.6759259259259259 0.096875 0.15185185185185185
12 0.5901041666666667 0.6805555555555556 0.096875 0.17222222222222222
13 0.5161458333333333 0.7212962962962963 0.16354166666666667 0.24444444444444444
1 0.5083333333333333 0.8861111111111111 0.125 0.2222222222222222
7 0.14427083333333332 0.287962962962963 0.1296875 0.14166666666666666
0 0.9442708333333333 0.29907407407407405 0.1 0.11388888888888889
4 0.04114583333333333 0.30277777777777776 0.08229166666666667 0.11481481481481481
14 0.8364583333333333 0.3175925925925926 0.109375 0.11944444444444445
15 0.10260416666666666 0.4166666666666667 0.10416666666666667 0.13703703703703704
6 0.9708333333333333 0.41944444444444445 0.058333333333333334 0.11481481481481481
10 0.019270833333333334 0.42685185185185187 0.03854166666666667 0.12962962962962962
9 0.8817708333333333 0.43425925925925923 0.1125 0.11944444444444445
3 0.05755208333333333 0.55 0.11510416666666666 0.15925925925925927
5 0.9286458333333333 0.5592592592592592 0.1203125 0.14166666666666666
8 0.030729166666666665 0.6759259259259259 0.06145833333333333 0.13703703703703704
12 0.9630208333333333 0.6805555555555556 0.07395833333333333 0.15925925925925927
13 0.9846354166666667 0.7208333333333333 0.030729166666666665 0.2212962962962963