13 0.5489583333333333 0.26944444444444443 0.12291666666666666 0.21851851851851853
10 0.6484375 0.42592592592592593 0.065625 0.11851851851851852
14 0.71875 0.4287037037037037 0.058333333333333334 0.10185185185185185
1 0.5296875 0.45925925925925926 0.058333333333333334 0.1037037037037037
12 0.7661458333333333 0.5203703703703704 0.10208333333333333 0.1814814814814815
5 0.5260416666666666 0.5398148148148149 0.058333333333333334 0.1037037037037037
11 0.46875 0.5398148148148149 0.058333333333333334 0.1037037037037037
6 0.4083333333333333 0.625 0.06145833333333333 0.10925925925925926
15 0.4661458333333333 0.6361111111111111 0.06770833333333333 0.12037037037037036
9 0.6682291666666667 0.6425925925925926 0.13645833333333332 0.3351851851851852
8 0.5401041666666667 0.7351851851851852 0.16041666666666668 0.2851851851851852
7 0.3380208333333333 0.7453703703703703 0.07708333333333334 0.15185185185185185
2 0.41302083333333334 0.8203703703703704 0.12291666666666666 0.32037037037037036
4 0.2916666666666667 0.8694444444444445 0.1375 0.24444444444444444
13 0.98203125 0.26944444444444443 0.0359375 0.21666666666666667
10 0.9140625 0.42592592592592593 0.07708333333333334 0.08981481481481482
14 0.84375 0.4287037037037037 0.06145833333333333 0.08888888888888889
12 0.7963541666666667 0.5203703703703704 0.0296875 0.3074074074074074
6 0.029166666666666667 0.625 0.05677083333333333 0.1
9 0.8942708333333333 0.6425925925925926 0.134375 0.33240740740740743
8 0.9786458333333333 0.7347222222222223 0.042708333333333334 0.3398148148148148
7 0.09947916666666666 0.7453703703703703 0.0703125 0.14166666666666666
2 0.042708333333333334 0.8199074074074074 0.08541666666666667 0.3194444444444444
4 0.14583333333333334 0.8694444444444445 0.128125 0.23981481481481481