13 0.5489583333333333 0.26944444444444443 0.12291666666666666 0.21851851851851853
10 0.6484375 0.42685185185185187 0.08229166666666667 0.1037037037037037
14 0.71875 0.4287037037037037 0.05625 0.1
1 0.5296875 0.45925925925925926 0.06041666666666667 0.10740740740740741
12 0.7661458333333333 0.5194444444444445 0.10729166666666666 0.19074074074074074
5 0.5260416666666666 0.5398148148148149 0.058333333333333334 0.1037037037037037
11 0.46875 0.5398148148148149 0.057291666666666664 0.10185185185185185
6 0.4083333333333333 0.625 0.05625 0.1
15 0.4661458333333333 0.6361111111111111 0.06770833333333333 0.12037037037037036
9 0.6682291666666667 0.6416666666666667 0.1625 0.28888888888888886
8 0.5401041666666667 0.7361111111111112 0.16145833333333334 0.28703703703703703
7 0.3380208333333333 0.7453703703703703 0.08020833333333334 0.1425925925925926
2 0.41302083333333334 0.8203703703703704 0.125 0.32222222222222224
4 0.2916666666666667 0.8694444444444445 0.13125 0.24444444444444444
13 0.98203125 0.26944444444444443 0.0359375 0.21666666666666667
10 0.9140625 0.42685185185185187 0.07708333333333334 0.08888888888888889
14 0.84375 0.4287037037037037 0.06145833333333333 0.08888888888888889
12 0.7963541666666667 0.5194444444444445 0.0296875 0.30925925925925923
6 0.029166666666666667 0.625 0.05677083333333333 0.1
9 0.8942708333333333 0.6416666666666667 0.134375 0.33425925925925926
8 0.9786458333333333 0.7361111111111112 0.042708333333333334 0.3388888888888889
7 0.09947916666666666 0.7453703703703703 0.0703125 0.14166666666666666
2 0.042708333333333334 0.8199074074074074 0.08541666666666667 0.3194444444444444
4 0.14583333333333334 0.8694444444444445 0.128125 0.23981481481481481