13 0.5494791666666666 0.26944444444444443 0.11979166666666667 0.21296296296296297
10 0.6484375 0.42685185185185187 0.065625 0.11666666666666667
14 0.7192708333333333 0.4287037037037037 0.065625 0.1
1 0.5296875 0.45925925925925926 0.07083333333333333 0.08888888888888889
12 0.7661458333333333 0.5203703703703704 0.036458333333333336 0.30925925925925923
5 0.5260416666666666 0.5398148148148149 0.05625 0.1
11 0.46875 0.5398148148148149 0.06145833333333333 0.10925925925925926
6 0.4088541666666667 0.625 0.059375 0.10185185185185185
15 0.4661458333333333 0.6361111111111111 0.07291666666666667 0.13148148148148148
9 0.6682291666666667 0.6425925925925926 0.16354166666666667 0.29074074074074074
8 0.5401041666666667 0.7361111111111112 0.14270833333333333 0.3537037037037037
7 0.3380208333333333 0.7453703703703703 0.08125 0.1425925925925926
2 0.41302083333333334 0.8203703703703704 0.12604166666666666 0.32407407407407407
4 0.2916666666666667 0.8694444444444445 0.14479166666666668 0.2574074074074074
13 0.9817708333333334 0.26944444444444443 0.036458333333333336 0.21666666666666667
10 0.9140625 0.42685185185185187 0.07708333333333334 0.08888888888888889
14 0.8432291666666667 0.4287037037037037 0.06041666666666667 0.08888888888888889
12 0.7963541666666667 0.5203703703703704 0.0296875 0.3074074074074074
6 0.028645833333333332 0.625 0.05677083333333333 0.09814814814814815
9 0.8942708333333333 0.6425925925925926 0.134375 0.33240740740740743
8 0.9786458333333333 0.7361111111111112 0.042708333333333334 0.3388888888888889
7 0.09947916666666666 0.7453703703703703 0.0703125 0.14166666666666666
2 0.042708333333333334 0.8199074074074074 0.08541666666666667 0.3194444444444444
4 0.14583333333333334 0.8694444444444445 0.128125 0.23981481481481481