13 0.5489583333333333 0.26944444444444443 0.09895833333333333 0.21666666666666667
10 0.6484375 0.42592592592592593 0.07708333333333334 0.08981481481481482
14 0.71875 0.4287037037037037 0.06145833333333333 0.08888888888888889
1 0.5296875 0.45925925925925926 0.06822916666666666 0.0824074074074074
12 0.7661458333333333 0.5203703703703704 0.0296875 0.3074074074074074
5 0.5260416666666666 0.5398148148148149 0.0703125 0.0712962962962963
11 0.46875 0.5398148148148149 0.06041666666666667 0.09351851851851851
6 0.4083333333333333 0.625 0.05677083333333333 0.1
15 0.4661458333333333 0.6361111111111111 0.06666666666666667 0.11944444444444445
9 0.6682291666666667 0.6425925925925926 0.134375 0.33240740740740743
8 0.5401041666666667 0.7351851851851852 0.1296875 0.3398148148148148
7 0.3380208333333333 0.7453703703703703 0.0703125 0.14166666666666666
2 0.41302083333333334 0.8203703703703704 0.121875 0.3194444444444444
4 0.2916666666666667 0.8694444444444445 0.128125 0.23981481481481481
13 0.98203125 0.26944444444444443 0.0359375 0.21666666666666667
10 0.9140625 0.42592592592592593 0.07708333333333334 0.08981481481481482
14 0.84375 0.4287037037037037 0.06145833333333333 0.08888888888888889
12 0.7963541666666667 0.5203703703703704 0.0296875 0.3074074074074074
6 0.029166666666666667 0.625 0.05677083333333333 0.1
9 0.8942708333333333 0.6425925925925926 0.134375 0.33240740740740743
8 0.9786458333333333 0.7347222222222223 0.042708333333333334 0.3398148148148148
7 0.09947916666666666 0.7453703703703703 0.0703125 0.14166666666666666
2 0.042708333333333334 0.8199074074074074 0.08541666666666667 0.3194444444444444
4 0.14583333333333334 0.8694444444444445 0.128125 0.23981481481481481