14 0.5770833333333333 0.5120370370370371 0.059375 0.0712962962962963
4 0.525 0.5666666666666667 0.0578125 0.0962962962962963
0 0.571875 0.6157407407407407 0.059375 0.0824074074074074
3 0.47708333333333336 0.6175925925925926 0.06666666666666667 0.08518518518518518
2 0.7135416666666666 0.6685185185185185 0.0703125 0.0962962962962963
15 0.415625 0.675 0.06927083333333334 0.09351851851851851
15 0.5182291666666666 0.6777777777777778 0.06666666666666667 0.08981481481481482
1 0.6109375 0.6777777777777778 0.07447916666666667 0.08981481481481482
5 0.7489583333333333 0.8027777777777778 0.0640625 0.25
7 0.36041666666666666 0.8194444444444444 0.10416666666666667 0.26666666666666666
10 0.6677083333333333 0.8194444444444444 0.1 0.24814814814814815
11 0.5625 0.8240740740740741 0.09739583333333333 0.2574074074074074
12 0.4661458333333333 0.8268518518518518 0.0953125 0.26944444444444443
13 0.6390625 0.08981481481481482 0.05677083333333333 0.12314814814814815
14 0.9778645833333334 0.5115740740740741 0.044270833333333336 0.0712962962962963
0 0.98046875 0.6152777777777778 0.0390625 0.0824074074074074
2 0.8489583333333334 0.6685185185185185 0.0703125 0.0962962962962963
15 0.028125 0.674537037037037 0.05625 0.09351851851851851
1 0.9515625 0.6777777777777778 0.07447916666666667 0.08981481481481482
5 0.8135416666666667 0.8027777777777778 0.0640625 0.25
7 0.07708333333333334 0.8194444444444444 0.10416666666666667 0.26666666666666666
10 0.8947916666666667 0.8194444444444444 0.1 0.24814814814814815
11 0.9755208333333333 0.8240740740740741 0.04895833333333333 0.2574074074074074
13 0.9234375 0.08981481481481482 0.05677083333333333 0.12314814814814815