12 0.49322916666666666 0.42314814814814816 0.03854166666666667 0.06851851851851852
3 0.4609375 0.45925925925925926 0.04791666666666667 0.07777777777777778
6 0.525 0.4685185185185185 0.0375 0.06666666666666667
8 0.4317708333333333 0.5111111111111111 0.05416666666666667 0.1037037037037037
5 0.4942708333333333 0.5138888888888888 0.05 0.08888888888888889
9 0.5645833333333333 0.5194444444444445 0.04479166666666667 0.07777777777777778
7 0.38958333333333334 0.5694444444444444 0.07291666666666667 0.12962962962962962
0 0.46041666666666664 0.575925925925926 0.057291666666666664 0.10185185185185185
1 0.5333333333333333 0.587037037037037 0.06041666666666667 0.09259259259259259
15 0.42083333333333334 0.7083333333333334 0.084375 0.22592592592592592
2 0.334375 0.7101851851851851 0.08645833333333333 0.24074074074074073
4 0.5046875 0.7148148148148148 0.08125 0.23703703703703705
14 0.5786458333333333 0.7157407407407408 0.10520833333333333 0.18703703703703703
10 0.6630208333333333 0.7166666666666667 0.10208333333333333 0.1814814814814815
8 0.015625 0.5106481481481482 0.03125 0.10092592592592593
9 0.9872395833333333 0.5189814814814815 0.025520833333333333 0.075
7 0.04791666666666667 0.5694444444444444 0.06927083333333334 0.11388888888888889
15 0.02890625 0.7078703703703704 0.0578125 0.22314814814814815
2 0.103125 0.7101851851851851 0.084375 0.23981481481481481
14 0.97265625 0.7152777777777778 0.0546875 0.20092592592592592
10 0.8994791666666667 0.7166666666666667 0.07708333333333334 0.21851851851851853