12 0.49322916666666666 0.42314814814814816 0.03854166666666667 0.07777777777777778
3 0.46145833333333336 0.45925925925925926 0.04375 0.07592592592592592
6 0.525 0.4685185185185185 0.03333333333333333 0.06481481481481481
8 0.4317708333333333 0.5111111111111111 0.058333333333333334 0.1037037037037037
5 0.4947916666666667 0.5148148148148148 0.046875 0.08333333333333333
9 0.5651041666666666 0.5194444444444445 0.04479166666666667 0.07962962962962963
7 0.38958333333333334 0.5694444444444444 0.06979166666666667 0.12407407407407407
0 0.46041666666666664 0.575925925925926 0.059375 0.10555555555555556
1 0.5333333333333333 0.5879629629629629 0.059375 0.10555555555555556
15 0.42083333333333334 0.7083333333333334 0.1125 0.2
2 0.334375 0.7101851851851851 0.109375 0.19444444444444445
4 0.5046875 0.7148148148148148 0.11145833333333334 0.19814814814814816
14 0.5786458333333333 0.7157407407407408 0.078125 0.20185185185185187
10 0.6630208333333333 0.7166666666666667 0.08020833333333334 0.2222222222222222
8 0.015625 0.5106481481481482 0.03125 0.10092592592592593
9 0.9869791666666666 0.5189814814814815 0.026041666666666668 0.075
7 0.04791666666666667 0.5694444444444444 0.06927083333333334 0.11388888888888889
15 0.02890625 0.7078703703703704 0.0578125 0.22314814814814815
2 0.103125 0.7101851851851851 0.084375 0.23981481481481481
14 0.97265625 0.7152777777777778 0.0546875 0.20092592592592592
10 0.8994791666666667 0.7166666666666667 0.07708333333333334 0.21851851851851853