12 0.49322916666666666 0.42314814814814816 0.03854166666666667 0.06851851851851852
3 0.4609375 0.45925925925925926 0.046875 0.08148148148148149
6 0.525 0.4685185185185185 0.035416666666666666 0.06296296296296296
8 0.4317708333333333 0.5111111111111111 0.05520833333333333 0.09814814814814815
5 0.4947916666666667 0.5148148148148148 0.04895833333333333 0.08703703703703704
9 0.5645833333333333 0.5194444444444445 0.04895833333333333 0.08518518518518518
7 0.38958333333333334 0.5694444444444444 0.071875 0.12037037037037036
0 0.46041666666666664 0.575925925925926 0.06145833333333333 0.11481481481481481
1 0.5333333333333333 0.5879629629629629 0.06041666666666667 0.09074074074074075
15 0.42083333333333334 0.7074074074074074 0.109375 0.19444444444444445
2 0.334375 0.7101851851851851 0.109375 0.19444444444444445
4 0.5046875 0.7148148148148148 0.08854166666666667 0.24444444444444444
14 0.5786458333333333 0.7157407407407408 0.08333333333333333 0.20925925925925926
10 0.6630208333333333 0.7166666666666667 0.109375 0.1962962962962963
8 0.015625 0.5106481481481482 0.03125 0.10092592592592593
9 0.9872395833333333 0.5189814814814815 0.025520833333333333 0.075
7 0.04791666666666667 0.5694444444444444 0.06927083333333334 0.11388888888888889
15 0.02890625 0.7069444444444445 0.0578125 0.22314814814814815
2 0.103125 0.7101851851851851 0.084375 0.23981481481481481
14 0.97265625 0.7152777777777778 0.0546875 0.20092592592592592
10 0.8994791666666667 0.7166666666666667 0.07708333333333334 0.21851851851851853