12 0.49322916666666666 0.42314814814814816 0.033854166666666664 0.0712962962962963
3 0.46145833333333336 0.45925925925925926 0.04479166666666667 0.06944444444444445
6 0.525 0.4685185185185185 0.03333333333333333 0.06481481481481481
8 0.4317708333333333 0.5111111111111111 0.0515625 0.10092592592592593
5 0.4947916666666667 0.5148148148148148 0.04635416666666667 0.0824074074074074
9 0.5651041666666666 0.5194444444444445 0.04635416666666667 0.075
7 0.38958333333333334 0.5694444444444444 0.06927083333333334 0.11388888888888889
0 0.46041666666666664 0.575925925925926 0.05520833333333333 0.10555555555555556
1 0.5333333333333333 0.5879629629629629 0.059375 0.08888888888888889
15 0.42083333333333334 0.7083333333333334 0.08229166666666667 0.22314814814814815
2 0.334375 0.7101851851851851 0.084375 0.23981481481481481
4 0.5046875 0.7148148148148148 0.0796875 0.2351851851851852
14 0.5786458333333333 0.7157407407407408 0.07708333333333334 0.20092592592592592
10 0.6630208333333333 0.7166666666666667 0.07708333333333334 0.21851851851851853
8 0.015625 0.5106481481481482 0.03125 0.10092592592592593
9 0.9869791666666666 0.5189814814814815 0.026041666666666668 0.075
7 0.04791666666666667 0.5694444444444444 0.06927083333333334 0.11388888888888889
15 0.02890625 0.7078703703703704 0.0578125 0.22314814814814815
2 0.103125 0.7101851851851851 0.084375 0.23981481481481481
14 0.97265625 0.7152777777777778 0.0546875 0.20092592592592592
10 0.8994791666666667 0.7166666666666667 0.07708333333333334 0.21851851851851853