1 0.4942708333333333 0.6694444444444444 0.04791666666666667 0.08518518518518518
4 0.4661458333333333 0.7222222222222222 0.04791666666666667 0.08518518518518518
2 0.525 0.725 0.041666666666666664 0.07592592592592592
8 0.55625 0.7777777777777778 0.05 0.08888888888888889
11 0.43697916666666664 0.7777777777777778 0.05520833333333333 0.07592592592592592
10 0.5015625 0.7805555555555556 0.041666666666666664 0.07407407407407407
12 0.53125 0.8324074074074074 0.06041666666666667 0.07222222222222222
5 0.40677083333333336 0.8342592592592593 0.06041666666666667 0.07222222222222222
6 0.5875 0.8361111111111111 0.059375 0.07777777777777778
0 0.5708333333333333 0.9175925925925926 0.06041666666666667 0.08888888888888889
3 0.6369791666666667 0.9194444444444444 0.06979166666666667 0.1037037037037037
9 0.5041666666666667 0.9212962962962963 0.06145833333333333 0.10925925925925926
15 0.3651041666666667 0.9231481481481482 0.06145833333333333 0.10925925925925926
7 0.44375 0.9231481481481482 0.05520833333333333 0.09814814814814815
8 0.9880208333333333 0.7777777777777778 0.023958333333333335 0.06481481481481481
11 0.0140625 0.7773148148148148 0.028125 0.075
5 0.030729166666666665 0.8342592592592593 0.05677083333333333 0.06018518518518518
6 0.9731770833333333 0.8356481481481481 0.05364583333333333 0.06944444444444445
0 0.98125 0.9171296296296296 0.0375 0.0824074074074074
3 0.9255208333333333 0.9194444444444444 0.0703125 0.10277777777777777
15 0.07239583333333334 0.9231481481481482 0.05677083333333333 0.10277777777777777
7 0.01171875 0.9231481481481482 0.0234375 0.08703703703703704