1 0.4942708333333333 0.6694444444444444 0.059375 0.06666666666666667
4 0.465625 0.7222222222222222 0.05520833333333333 0.07592592592592592
2 0.525 0.725 0.042708333333333334 0.07592592592592592
8 0.55625 0.7777777777777778 0.06354166666666666 0.07407407407407407
11 0.43697916666666664 0.7777777777777778 0.05 0.08888888888888889
10 0.5015625 0.7805555555555556 0.04479166666666667 0.07962962962962963
12 0.53125 0.8324074074074074 0.051041666666666666 0.09074074074074075
5 0.40677083333333336 0.8342592592592593 0.04791666666666667 0.08518518518518518
6 0.5875 0.8361111111111111 0.057291666666666664 0.07037037037037037
0 0.5708333333333333 0.9175925925925926 0.05625 0.1
3 0.6369791666666667 0.9194444444444444 0.06354166666666666 0.11296296296296296
9 0.5041666666666667 0.9212962962962963 0.06458333333333334 0.11481481481481481
15 0.365625 0.9231481481481482 0.06354166666666666 0.11296296296296296
7 0.44375 0.9231481481481482 0.05625 0.1
8 0.9880208333333333 0.7777777777777778 0.023958333333333335 0.06481481481481481
11 0.0140625 0.7773148148148148 0.028125 0.075
5 0.030729166666666665 0.8342592592592593 0.05677083333333333 0.06018518518518518
6 0.9731770833333333 0.8356481481481481 0.05364583333333333 0.06944444444444445
0 0.98125 0.9171296296296296 0.0375 0.0824074074074074
3 0.9255208333333333 0.9194444444444444 0.0703125 0.10277777777777777
15 0.071875 0.9231481481481482 0.05677083333333333 0.10277777777777777
7 0.01171875 0.9231481481481482 0.0234375 0.08703703703703704