1 0.4942708333333333 0.6694444444444444 0.058333333333333334 0.06111111111111111
4 0.4661458333333333 0.7222222222222222 0.05520833333333333 0.07592592592592592
2 0.525 0.725 0.052083333333333336 0.05
8 0.55625 0.7777777777777778 0.06145833333333333 0.06666666666666667
11 0.43697916666666664 0.7777777777777778 0.04895833333333333 0.08888888888888889
10 0.5015625 0.7805555555555556 0.041666666666666664 0.07407407407407407
12 0.53125 0.8324074074074074 0.052083333333333336 0.09259259259259259
5 0.40677083333333336 0.8342592592592593 0.059375 0.06851851851851852
6 0.5875 0.8361111111111111 0.059375 0.07962962962962963
0 0.5708333333333333 0.9175925925925926 0.057291666666666664 0.10185185185185185
3 0.6369791666666667 0.9194444444444444 0.06979166666666667 0.12407407407407407
9 0.5041666666666667 0.9212962962962963 0.06354166666666666 0.11296296296296296
15 0.3651041666666667 0.9231481481481482 0.057291666666666664 0.10185185185185185
7 0.44375 0.9231481481481482 0.0625 0.09444444444444444
8 0.9880208333333333 0.7777777777777778 0.023958333333333335 0.06481481481481481
11 0.0140625 0.7773148148148148 0.028125 0.075
5 0.030729166666666665 0.8342592592592593 0.05677083333333333 0.06018518518518518
6 0.9731770833333333 0.8356481481481481 0.05364583333333333 0.06944444444444445
0 0.98125 0.9171296296296296 0.0375 0.0824074074074074
3 0.9255208333333333 0.9194444444444444 0.0703125 0.10277777777777777
15 0.07239583333333334 0.9231481481481482 0.05677083333333333 0.10277777777777777
7 0.01171875 0.9231481481481482 0.0234375 0.08703703703703704