13 0.5973958333333333 0.32407407407407407 0.08645833333333333 0.1537037037037037
4 0.23802083333333332 0.3296296296296296 0.03333333333333333 0.1574074074074074
5 0.4630208333333333 0.475 0.08854166666666667 0.1574074074074074
7 0.7666666666666667 0.5083333333333333 0.071875 0.12777777777777777
10 0.2838541666666667 0.5555555555555556 0.08229166666666667 0.21851851851851853
0 0.5135416666666667 0.6194444444444445 0.0875 0.15555555555555556
9 0.5427083333333333 0.06666666666666667 0.06354166666666666 0.13148148148148148
15 0.42604166666666665 0.6657407407407407 0.10208333333333333 0.1814814814814815
3 0.428125 0.07592592592592592 0.05520833333333333 0.13703703703703704
11 0.7447916666666666 0.8157407407407408 0.10729166666666666 0.19074074074074074
13 0.9651041666666667 0.32407407407407407 0.06666666666666667 0.17314814814814813
4 0.19947916666666668 0.3296296296296296 0.0296875 0.15555555555555556
7 0.7958333333333333 0.5083333333333333 0.028645833333333332 0.19166666666666668
10 0.15364583333333334 0.5555555555555556 0.07291666666666667 0.20925925925925926
15 0.024479166666666666 0.6657407407407407 0.04895833333333333 0.19444444444444445
3 0.017447916666666667 0.07546296296296297 0.034895833333333334 0.13425925925925927
11 0.8177083333333334 0.8157407407407408 0.071875 0.2324074074074074