13 0.5973958333333333 0.32407407407407407 0.06666666666666667 0.17314814814814813
4 0.23802083333333332 0.3296296296296296 0.0296875 0.15555555555555556
5 0.4630208333333333 0.475 0.0671875 0.16944444444444445
7 0.7666666666666667 0.5083333333333333 0.028645833333333332 0.19166666666666668
10 0.2838541666666667 0.5555555555555556 0.07291666666666667 0.20925925925925926
0 0.5135416666666667 0.6185185185185185 0.07291666666666667 0.1638888888888889
9 0.5427083333333333 0.06666666666666667 0.059375 0.125
15 0.42604166666666665 0.6648148148148149 0.07552083333333333 0.19444444444444445
3 0.428125 0.07592592592592592 0.0515625 0.13425925925925927
11 0.7447916666666666 0.8157407407407408 0.071875 0.2324074074074074
13 0.9651041666666667 0.32407407407407407 0.06666666666666667 0.17314814814814813
4 0.19947916666666668 0.3296296296296296 0.0296875 0.15555555555555556
7 0.7958333333333333 0.5083333333333333 0.028645833333333332 0.19166666666666668
10 0.15364583333333334 0.5555555555555556 0.07291666666666667 0.20925925925925926
15 0.024479166666666666 0.6648148148148149 0.04895833333333333 0.19444444444444445
3 0.017447916666666667 0.07546296296296297 0.034895833333333334 0.13425925925925927
11 0.8177083333333334 0.8157407407407408 0.071875 0.2324074074074074