1 0.3026041666666667 0.2898148148148148 0.08645833333333333 0.1537037037037037
5 0.4046875 0.29444444444444445 0.071875 0.1259259259259259
7 0.5078125 0.30648148148148147 0.078125 0.1388888888888889
8 0.6130208333333333 0.3055555555555556 0.10520833333333333 0.12962962962962962
4 0.721875 0.325 0.10520833333333333 0.13518518518518519
14 0.3234375 0.3925925925925926 0.115625 0.13703703703703704
11 0.44375 0.40185185185185185 0.09479166666666666 0.1685185185185185
15 0.5635416666666667 0.41203703703703703 0.10104166666666667 0.17962962962962964
6 0.6796875 0.4148148148148148 0.09166666666666666 0.16296296296296298
12 0.3651041666666667 0.5092592592592593 0.13854166666666667 0.15
9 0.634375 0.5351851851851852 0.13333333333333333 0.17777777777777778
3 0.4984375 0.5351851851851852 0.11875 0.2111111111111111
13 0.4979166666666667 0.8185185185185185 0.175 0.3111111111111111
1 0.13489583333333333 0.2898148148148148 0.1078125 0.11481481481481481
5 0.0375 0.29444444444444445 0.075 0.09814814814814815
8 0.9494791666666667 0.3055555555555556 0.1 0.11388888888888889
4 0.840625 0.325 0.10416666666666667 0.13240740740740742
14 0.1140625 0.3925925925925926 0.109375 0.11944444444444445
11 0.025 0.40185185185185185 0.05 0.12962962962962962
15 0.9690104166666667 0.4115740740740741 0.06197916666666667 0.11944444444444445
6 0.8828125 0.4148148148148148 0.11666666666666667 0.11388888888888889
12 0.07239583333333334 0.5092592592592593 0.13854166666666667 0.15
9 0.928125 0.5351851851851852 0.128125 0.1648148148148148