1 0.3026041666666667 0.2898148148148148 0.10833333333333334 0.11666666666666667
5 0.4046875 0.29444444444444445 0.08854166666666667 0.1111111111111111
7 0.5078125 0.30648148148148147 0.08125 0.14629629629629629
8 0.6130208333333333 0.3055555555555556 0.08229166666666667 0.14629629629629629
4 0.721875 0.325 0.11145833333333334 0.15185185185185185
14 0.3234375 0.3925925925925926 0.09375 0.16666666666666666
11 0.44375 0.40185185185185185 0.09791666666666667 0.17407407407407408
15 0.5635416666666667 0.41203703703703703 0.10208333333333333 0.17962962962962964
6 0.6796875 0.4148148148148148 0.11979166666666667 0.12407407407407407
12 0.3651041666666667 0.5092592592592593 0.12395833333333334 0.22037037037037038
9 0.634375 0.5351851851851852 0.13333333333333333 0.17777777777777778
3 0.4984375 0.5351851851851852 0.140625 0.16666666666666666
13 0.4979166666666667 0.8185185185185185 0.18125 0.26296296296296295
1 0.13489583333333333 0.2898148148148148 0.1078125 0.11481481481481481
5 0.0375 0.29444444444444445 0.075 0.09814814814814815
8 0.9494791666666667 0.3055555555555556 0.1 0.11388888888888889
4 0.840625 0.325 0.10416666666666667 0.13240740740740742
14 0.1140625 0.3925925925925926 0.109375 0.11944444444444445
11 0.025 0.40185185185185185 0.05 0.12962962962962962
15 0.9690104166666667 0.4115740740740741 0.06197916666666667 0.11944444444444445
6 0.8828125 0.4148148148148148 0.11666666666666667 0.11388888888888889
12 0.07239583333333334 0.5092592592592593 0.13854166666666667 0.15
9 0.928125 0.5351851851851852 0.128125 0.1648148148148148