1 0.3026041666666667 0.2898148148148148 0.11354166666666667 0.13518518518518519
5 0.4046875 0.29444444444444445 0.08854166666666667 0.1111111111111111
7 0.5078125 0.30648148148148147 0.090625 0.12037037037037036
8 0.6130208333333333 0.30648148148148147 0.08854166666666667 0.15925925925925927
4 0.721875 0.325 0.08958333333333333 0.15925925925925927
14 0.3234375 0.3925925925925926 0.08958333333333333 0.15925925925925927
11 0.44375 0.40185185185185185 0.09375 0.16666666666666666
15 0.5635416666666667 0.412962962962963 0.12604166666666666 0.13518518518518519
6 0.6796875 0.41574074074074074 0.1 0.17777777777777778
12 0.365625 0.5092592592592593 0.14583333333333334 0.17777777777777778
9 0.634375 0.5351851851851852 0.13541666666666666 0.18333333333333332
3 0.4984375 0.5361111111111111 0.12604166666666666 0.22407407407407406
13 0.4979166666666667 0.8185185185185185 0.16979166666666667 0.3
1 0.13489583333333333 0.2898148148148148 0.1078125 0.11481481481481481
5 0.0375 0.29444444444444445 0.075 0.09814814814814815
8 0.9494791666666667 0.30648148148148147 0.1 0.11388888888888889
4 0.840625 0.325 0.10416666666666667 0.13240740740740742
14 0.1140625 0.3925925925925926 0.109375 0.11944444444444445
11 0.025 0.40185185185185185 0.05 0.12962962962962962
15 0.9690104166666667 0.4125 0.06197916666666667 0.11944444444444445
6 0.8828125 0.41574074074074074 0.11666666666666667 0.11388888888888889
12 0.071875 0.5092592592592593 0.1375 0.15
9 0.928125 0.5351851851851852 0.128125 0.1648148148148148