7 0.4583333333333333 0.45 0.04479166666666667 0.08148148148148149
5 0.3859375 0.4666666666666667 0.042708333333333334 0.07777777777777778
15 0.45 0.5 0.04791666666666667 0.08518518518518518
8 0.5083333333333333 0.5231481481481481 0.06145833333333333 0.07777777777777778
3 0.29739583333333336 0.5268518518518519 0.1 0.17592592592592593
1 0.3567708333333333 0.5546296296296296 0.06875 0.18703703703703703
12 0.5921875 0.5648148148148148 0.059375 0.10555555555555556
6 0.4192708333333333 0.5953703703703703 0.0625 0.18333333333333332
2 0.48125 0.6342592592592593 0.10625 0.18888888888888888
14 0.5614583333333333 0.6796296296296296 0.11666666666666667 0.2074074074074074
5 0.0515625 0.4666666666666667 0.05520833333333333 0.05555555555555555
15 0.00625 0.5 0.0125 0.06666666666666667
3 0.14010416666666667 0.5268518518518519 0.0703125 0.19444444444444445
1 0.08072916666666667 0.5546296296296296 0.0671875 0.18518518518518517
12 0.9674479166666666 0.5643518518518519 0.06510416666666667 0.0824074074074074
6 0.024479166666666666 0.5949074074074074 0.04895833333333333 0.1824074074074074
14 0.9755208333333333 0.6791666666666667 0.04895833333333333 0.22314814814814815