7 0.4583333333333333 0.45 0.04791666666666667 0.08518518518518518
5 0.3854166666666667 0.4666666666666667 0.04479166666666667 0.07962962962962963
15 0.45 0.5 0.04791666666666667 0.08518518518518518
8 0.5083333333333333 0.5231481481481481 0.06041666666666667 0.07407407407407407
3 0.29739583333333336 0.5268518518518519 0.090625 0.16111111111111112
1 0.3567708333333333 0.5546296296296296 0.07395833333333333 0.19074074074074074
12 0.5921875 0.5648148148148148 0.07083333333333333 0.08333333333333333
6 0.4192708333333333 0.5944444444444444 0.0875 0.1537037037037037
2 0.48125 0.6342592592592593 0.10833333333333334 0.1925925925925926
14 0.5614583333333333 0.6796296296296296 0.11666666666666667 0.20925925925925926
5 0.052083333333333336 0.4666666666666667 0.05625 0.05555555555555555
15 0.00625 0.5 0.0125 0.06666666666666667
3 0.14010416666666667 0.5268518518518519 0.0703125 0.19444444444444445
1 0.08072916666666667 0.5546296296296296 0.0671875 0.18518518518518517
12 0.9674479166666666 0.5643518518518519 0.06510416666666667 0.0824074074074074
6 0.024479166666666666 0.5939814814814814 0.04895833333333333 0.18425925925925926
14 0.9755208333333333 0.6791666666666667 0.04895833333333333 0.22314814814814815