7 0.4583333333333333 0.45 0.04583333333333333 0.08148148148148149
5 0.3859375 0.4666666666666667 0.042708333333333334 0.07777777777777778
15 0.44947916666666665 0.5 0.04791666666666667 0.08518518518518518
8 0.5083333333333333 0.5231481481481481 0.06354166666666666 0.08333333333333333
3 0.29739583333333336 0.5268518518518519 0.09270833333333334 0.1648148148148148
1 0.3567708333333333 0.5546296296296296 0.07083333333333333 0.18888888888888888
12 0.5921875 0.5648148148148148 0.06354166666666666 0.11296296296296296
6 0.4192708333333333 0.5944444444444444 0.08645833333333333 0.15185185185185185
2 0.48125 0.6342592592592593 0.07395833333333333 0.2388888888888889
14 0.5614583333333333 0.6796296296296296 0.12291666666666666 0.21851851851851853
5 0.0515625 0.4666666666666667 0.05520833333333333 0.05555555555555555
15 0.006510416666666667 0.5 0.013020833333333334 0.06851851851851852
3 0.14010416666666667 0.5268518518518519 0.0703125 0.19444444444444445
1 0.08072916666666667 0.5546296296296296 0.0671875 0.18518518518518517
12 0.9674479166666666 0.5643518518518519 0.06510416666666667 0.0824074074074074
6 0.024479166666666666 0.5939814814814814 0.04895833333333333 0.18425925925925926
14 0.9755208333333333 0.6791666666666667 0.04895833333333333 0.22314814814814815