2 0.32864583333333336 0.2740740740740741 0.07291666666666667 0.18518518518518517
11 0.27291666666666664 0.4009259259259259 0.1 0.24351851851851852
10 0.240625 0.5592592592592592 0.0421875 0.1824074074074074
14 0.40625 0.10092592592592593 0.065625 0.18703703703703703
13 0.48854166666666665 0.1175925925925926 0.07552083333333333 0.19444444444444445
5 0.36770833333333336 0.16574074074074074 0.07447916666666667 0.19444444444444445
10 0.2833333333333333 0.175 0.05416666666666667 0.11481481481481481
2 0.10885416666666667 0.2740740740740741 0.07291666666666667 0.18518518518518517
11 0.16458333333333333 0.4009259259259259 0.1 0.24351851851851852
10 0.196875 0.5592592592592592 0.0421875 0.1824074074074074
14 0.03203125 0.10092592592592593 0.0640625 0.18703703703703703
5 0.06979166666666667 0.16574074074074074 0.07447916666666667 0.19444444444444445
10 0.15416666666666667 0.175 0.05416666666666667 0.11481481481481481