2 0.32864583333333336 0.2740740740740741 0.09583333333333334 0.17037037037037037
11 0.27291666666666664 0.4009259259259259 0.12291666666666666 0.22037037037037038
10 0.240625 0.5592592592592592 0.07395833333333333 0.13148148148148148
14 0.40572916666666664 0.10092592592592593 0.08645833333333333 0.1537037037037037
13 0.48854166666666665 0.1175925925925926 0.07916666666666666 0.2
5 0.3671875 0.1648148148148148 0.08645833333333333 0.2074074074074074
10 0.2833333333333333 0.175 0.059375 0.10555555555555556
2 0.10885416666666667 0.2740740740740741 0.07291666666666667 0.18518518518518517
11 0.16458333333333333 0.4009259259259259 0.1 0.24351851851851852
10 0.196875 0.5592592592592592 0.0421875 0.1824074074074074
14 0.03229166666666667 0.10092592592592593 0.06458333333333334 0.18703703703703703
5 0.0703125 0.1648148148148148 0.07447916666666667 0.19444444444444445
10 0.15416666666666667 0.175 0.05416666666666667 0.11481481481481481