2 0.32864583333333336 0.2740740740740741 0.08229166666666667 0.1962962962962963
11 0.27291666666666664 0.4009259259259259 0.12395833333333334 0.22037037037037038
10 0.240625 0.5592592592592592 0.07604166666666666 0.13518518518518519
14 0.40572916666666664 0.10092592592592593 0.090625 0.16111111111111112
13 0.48854166666666665 0.1175925925925926 0.08333333333333333 0.2037037037037037
5 0.3671875 0.1648148148148148 0.08020833333333334 0.20185185185185187
10 0.2833333333333333 0.175 0.0625 0.11296296296296296
2 0.10885416666666667 0.2740740740740741 0.07291666666666667 0.18518518518518517
11 0.16458333333333333 0.4009259259259259 0.1 0.24351851851851852
10 0.196875 0.5592592592592592 0.0421875 0.1824074074074074
14 0.03229166666666667 0.10092592592592593 0.06458333333333334 0.18703703703703703
5 0.0703125 0.1648148148148148 0.07447916666666667 0.19444444444444445
10 0.15416666666666667 0.175 0.05416666666666667 0.11481481481481481