13 0.4875 0.4981481481481482 0.096875 0.17222222222222222
15 0.2390625 0.6444444444444445 0.046875 0.08333333333333333
11 0.746875 0.6796296296296296 0.07291666666666667 0.12962962962962962
12 0.3380208333333333 0.6916666666666667 0.06458333333333334 0.10185185185185185
8 0.65 0.7046296296296296 0.07291666666666667 0.12962962962962962
4 0.2765625 0.7194444444444444 0.057291666666666664 0.16666666666666666
5 0.7083333333333334 0.7444444444444445 0.06979166666666667 0.12407407407407407
1 0.35104166666666664 0.8351851851851851 0.09895833333333333 0.2222222222222222
2 0.6270833333333333 0.8472222222222222 0.09375 0.24259259259259258
3 0.7369791666666666 0.8685185185185185 0.11458333333333333 0.2037037037037037
15 0.1984375 0.6444444444444445 0.03229166666666667 0.10277777777777777
11 0.815625 0.6796296296296296 0.059375 0.13703703703703704
12 0.09947916666666666 0.6916666666666667 0.059375 0.08981481481481482
8 0.9125 0.7046296296296296 0.059375 0.13425925925925927
4 0.1609375 0.7194444444444444 0.04895833333333333 0.16018518518518518
5 0.8541666666666666 0.7444444444444445 0.0671875 0.11666666666666667
1 0.08645833333333333 0.8351851851851851 0.0875 0.20925925925925926
2 0.9354166666666667 0.8472222222222222 0.0875 0.2351851851851852
3 0.8255208333333334 0.8685185185185185 0.08072916666666667 0.22777777777777777