13 0.4875 0.4981481481481482 0.1 0.17777777777777778
15 0.2390625 0.6444444444444445 0.046875 0.08333333333333333
11 0.746875 0.6796296296296296 0.06354166666666666 0.1425925925925926
12 0.3380208333333333 0.6916666666666667 0.059375 0.10555555555555556
8 0.65 0.7046296296296296 0.07395833333333333 0.13148148148148148
4 0.2765625 0.7194444444444444 0.05625 0.16666666666666666
5 0.7083333333333334 0.7453703703703703 0.06979166666666667 0.12222222222222222
1 0.35104166666666664 0.8351851851851851 0.11041666666666666 0.1962962962962963
2 0.6270833333333333 0.8472222222222222 0.10104166666666667 0.25
3 0.7375 0.8685185185185185 0.109375 0.1925925925925926
15 0.1984375 0.6444444444444445 0.03229166666666667 0.10277777777777777
11 0.815625 0.6796296296296296 0.059375 0.13703703703703704
12 0.09947916666666666 0.6916666666666667 0.059375 0.08981481481481482
8 0.9125 0.7046296296296296 0.059375 0.13425925925925927
4 0.1609375 0.7194444444444444 0.04895833333333333 0.16018518518518518
5 0.8541666666666666 0.7453703703703703 0.0671875 0.11666666666666667
1 0.08645833333333333 0.8351851851851851 0.0875 0.20925925925925926
2 0.9354166666666667 0.8472222222222222 0.0875 0.2351851851851852
3 0.825 0.8685185185185185 0.0796875 0.22777777777777777