10 0.2598958333333333 0.30925925925925923 0.03958333333333333 0.19814814814814816
3 0.49166666666666664 0.3194444444444444 0.05 0.11296296296296296
11 0.30416666666666664 0.33240740740740743 0.05520833333333333 0.24259259259259258
6 0.35052083333333334 0.36018518518518516 0.08958333333333333 0.15925925925925927
5 0.39791666666666664 0.3787037037037037 0.06666666666666667 0.22407407407407406
4 0.44895833333333335 0.3861111111111111 0.065625 0.17592592592592593
13 0.496875 0.4703703703703704 0.11458333333333333 0.2796296296296296
10 0.17760416666666667 0.30925925925925923 0.034895833333333334 0.1962962962962963
11 0.13333333333333333 0.33240740740740743 0.04635416666666667 0.23981481481481481
6 0.08697916666666666 0.36018518518518516 0.04635416666666667 0.20925925925925926
5 0.03958333333333333 0.3787037037037037 0.05260416666666667 0.21666666666666667
4 0.00859375 0.38564814814814813 0.0171875 0.16944444444444445