10 0.2598958333333333 0.30925925925925923 0.041666666666666664 0.2
3 0.49166666666666664 0.31851851851851853 0.053125 0.12037037037037036
11 0.30364583333333334 0.33240740740740743 0.051041666666666666 0.24074074074074073
6 0.35052083333333334 0.36018518518518516 0.090625 0.16111111111111112
5 0.39791666666666664 0.3787037037037037 0.09166666666666666 0.16296296296296298
4 0.44895833333333335 0.3851851851851852 0.08125 0.14444444444444443
13 0.496875 0.4703703703703704 0.10208333333333333 0.26666666666666666
10 0.17760416666666667 0.30925925925925923 0.034895833333333334 0.1962962962962963
11 0.13385416666666666 0.33240740740740743 0.04739583333333333 0.23981481481481481
6 0.08697916666666666 0.36018518518518516 0.04635416666666667 0.20925925925925926
5 0.03958333333333333 0.3787037037037037 0.05260416666666667 0.21666666666666667
4 0.00859375 0.38472222222222224 0.0171875 0.1712962962962963