13 0.5119791666666667 0.2972222222222222 0.12604166666666666 0.22407407407407406
10 0.34791666666666665 0.42407407407407405 0.15520833333333334 0.2759259259259259
11 0.7255208333333333 0.43333333333333335 0.12708333333333333 0.2962962962962963
14 0.4786458333333333 0.5796296296296296 0.171875 0.3055555555555556
8 0.6869791666666667 0.06111111111111111 0.06770833333333333 0.12037037037037036
4 0.47578125 0.07962962962962963 0.0859375 0.1537037037037037
6 0.6354166666666666 0.12037037037037036 0.08645833333333333 0.1537037037037037
15 0.31979166666666664 0.1398148148148148 0.09270833333333334 0.1925925925925926
5 0.7390625 0.1962962962962963 0.09375 0.23148148148148148
10 0.08958333333333333 0.42407407407407405 0.121875 0.3296296296296296
11 0.8369791666666667 0.43333333333333335 0.11041666666666666 0.2759259259259259
8 0.8755208333333333 0.06111111111111111 0.0578125 0.11944444444444445
6 0.9270833333333334 0.12037037037037036 0.06927083333333334 0.18518518518518517
15 0.11770833333333333 0.1398148148148148 0.08958333333333333 0.18703703703703703
5 0.8234375 0.1962962962962963 0.08229166666666667 0.21851851851851853