13 0.5119791666666667 0.2972222222222222 0.1015625 0.24814814814814815
10 0.34791666666666665 0.42407407407407405 0.121875 0.3296296296296296
11 0.7255208333333333 0.43333333333333335 0.11041666666666666 0.2759259259259259
14 0.4791666666666667 0.5796296296296296 0.1359375 0.3574074074074074
8 0.6869791666666667 0.06111111111111111 0.0578125 0.11944444444444445
4 0.47630208333333335 0.07962962962962963 0.06927083333333334 0.15925925925925927
6 0.6354166666666666 0.12037037037037036 0.06927083333333334 0.18518518518518517
15 0.31979166666666664 0.1398148148148148 0.08958333333333333 0.18703703703703703
5 0.7390625 0.19722222222222222 0.08229166666666667 0.21666666666666667
10 0.08958333333333333 0.42407407407407405 0.121875 0.3296296296296296
11 0.8369791666666667 0.43333333333333335 0.11041666666666666 0.2759259259259259
8 0.8755208333333333 0.06111111111111111 0.0578125 0.11944444444444445
6 0.9270833333333334 0.12037037037037036 0.06927083333333334 0.18518518518518517
15 0.11770833333333333 0.1398148148148148 0.08958333333333333 0.18703703703703703
5 0.8234375 0.19722222222222222 0.08229166666666667 0.21666666666666667