13 0.5119791666666667 0.2972222222222222 0.12604166666666666 0.2222222222222222
10 0.34791666666666665 0.42407407407407405 0.13854166666666667 0.34814814814814815
11 0.7255208333333333 0.43333333333333335 0.140625 0.2518518518518518
14 0.4791666666666667 0.5796296296296296 0.14895833333333333 0.37222222222222223
8 0.6869791666666667 0.06111111111111111 0.06666666666666667 0.11851851851851852
4 0.47604166666666664 0.08101851851851852 0.07395833333333333 0.16203703703703703
6 0.6354166666666666 0.12037037037037036 0.09583333333333334 0.17037037037037037
15 0.31979166666666664 0.1398148148148148 0.10208333333333333 0.1814814814814815
5 0.7390625 0.19722222222222222 0.11041666666666666 0.1962962962962963
10 0.08958333333333333 0.42407407407407405 0.121875 0.3296296296296296
11 0.8369791666666667 0.43333333333333335 0.11041666666666666 0.2759259259259259
8 0.8755208333333333 0.06111111111111111 0.0578125 0.11944444444444445
6 0.9270833333333334 0.12037037037037036 0.06927083333333334 0.18518518518518517
15 0.11770833333333333 0.1398148148148148 0.08958333333333333 0.18703703703703703
5 0.8234375 0.19722222222222222 0.08229166666666667 0.21666666666666667