8 0.6130208333333333 0.27685185185185185 0.07291666666666667 0.12962962962962962
4 0.7182291666666667 0.2833333333333333 0.08541666666666667 0.15
7 0.49375 0.2851851851851852 0.075 0.13518518518518519
1 0.28072916666666664 0.2916666666666667 0.11458333333333333 0.11481481481481481
5 0.3927083333333333 0.29444444444444445 0.08229166666666667 0.14629629629629629
14 0.315625 0.37407407407407406 0.0875 0.1537037037037037
15 0.55625 0.375 0.09583333333333334 0.1685185185185185
6 0.6895833333333333 0.3888888888888889 0.09895833333333333 0.17592592592592593
11 0.4390625 0.39444444444444443 0.09895833333333333 0.17592592592592593
12 0.3416666666666667 0.49074074074074076 0.1125 0.2
9 0.5505208333333333 0.5009259259259259 0.121875 0.21666666666666667
13 0.4010416666666667 0.6444444444444445 0.14166666666666666 0.2518518518518518
3 0.55625 0.6907407407407408 0.15729166666666666 0.2796296296296296
8 0.9494791666666667 0.27685185185185185 0.09270833333333334 0.09166666666666666
4 0.8442708333333333 0.2833333333333333 0.09739583333333333 0.11388888888888889
1 0.15677083333333333 0.2916666666666667 0.11041666666666666 0.09351851851851851
5 0.04765625 0.29398148148148145 0.0953125 0.08981481481481482
14 0.121875 0.37407407407407406 0.11666666666666667 0.09166666666666666
15 0.975 0.375 0.05 0.11481481481481481
6 0.8729166666666667 0.3888888888888889 0.1125 0.13703703703703704
11 0.02734375 0.39444444444444443 0.0546875 0.12962962962962962
12 0.09583333333333334 0.49074074074074076 0.13333333333333333 0.13240740740740742
9 0.9684895833333333 0.5009259259259259 0.06302083333333333 0.1648148148148148
13 0.06015625 0.6444444444444445 0.1203125 0.1962962962962963
3 0.9638020833333333 0.6907407407407408 0.07239583333333334 0.2388888888888889