8 0.6130208333333333 0.2759259259259259 0.09270833333333334 0.09166666666666666
4 0.7182291666666667 0.2833333333333333 0.09739583333333333 0.11388888888888889
7 0.49375 0.2851851851851852 0.09479166666666666 0.09351851851851851
1 0.28125 0.2916666666666667 0.109375 0.09351851851851851
5 0.3927083333333333 0.29444444444444445 0.1015625 0.08981481481481482
14 0.3151041666666667 0.3731481481481482 0.11666666666666667 0.09166666666666666
15 0.55625 0.375 0.11302083333333333 0.11481481481481481
6 0.6895833333333333 0.3888888888888889 0.1125 0.13703703703703704
11 0.4390625 0.39444444444444443 0.1125 0.12962962962962962
12 0.3421875 0.49074074074074076 0.13229166666666667 0.13240740740740742
9 0.5505208333333333 0.5018518518518519 0.15 0.1638888888888889
13 0.4005208333333333 0.6444444444444445 0.16770833333333332 0.1962962962962963
3 0.55625 0.6907407407407408 0.15729166666666666 0.2388888888888889
8 0.9494791666666667 0.2759259259259259 0.09270833333333334 0.09166666666666666
4 0.8442708333333333 0.2833333333333333 0.09739583333333333 0.11388888888888889
1 0.15625 0.2916666666666667 0.109375 0.09351851851851851
5 0.04765625 0.29398148148148145 0.0953125 0.08981481481481482
14 0.12239583333333333 0.3731481481481482 0.11666666666666667 0.09166666666666666
15 0.9747395833333333 0.375 0.050520833333333334 0.11481481481481481
6 0.8729166666666667 0.3888888888888889 0.1125 0.13703703703703704
11 0.02734375 0.39444444444444443 0.0546875 0.12962962962962962
12 0.0953125 0.49074074074074076 0.13229166666666667 0.13240740740740742
9 0.9684895833333333 0.5013888888888889 0.06302083333333333 0.1638888888888889
13 0.06041666666666667 0.6444444444444445 0.12083333333333333 0.1962962962962963
3 0.9638020833333333 0.6907407407407408 0.07239583333333334 0.2388888888888889