8 0.6130208333333333 0.27685185185185185 0.08020833333333334 0.1425925925925926
4 0.7182291666666667 0.2833333333333333 0.08125 0.14444444444444443
7 0.49375 0.2851851851851852 0.08020833333333334 0.1425925925925926
1 0.28125 0.2916666666666667 0.08125 0.14444444444444443
5 0.3927083333333333 0.2953703703703704 0.07916666666666666 0.14074074074074075
14 0.315625 0.37407407407407406 0.08958333333333333 0.15925925925925927
15 0.55625 0.375 0.115625 0.1259259259259259
6 0.6895833333333333 0.3888888888888889 0.10520833333333333 0.18703703703703703
11 0.4390625 0.39444444444444443 0.09895833333333333 0.17592592592592593
12 0.3421875 0.49074074074074076 0.13854166666666667 0.1574074074074074
9 0.5505208333333333 0.5018518518518519 0.153125 0.17222222222222222
13 0.4010416666666667 0.6444444444444445 0.14583333333333334 0.25925925925925924
3 0.55625 0.6907407407407408 0.16770833333333332 0.2611111111111111
8 0.9494791666666667 0.27685185185185185 0.09270833333333334 0.09166666666666666
4 0.8442708333333333 0.2833333333333333 0.09739583333333333 0.11388888888888889
1 0.15625 0.2916666666666667 0.109375 0.09351851851851851
5 0.04765625 0.2953703703703704 0.0953125 0.08888888888888889
14 0.121875 0.37407407407407406 0.11666666666666667 0.09166666666666666
15 0.9747395833333333 0.375 0.050520833333333334 0.11481481481481481
6 0.8729166666666667 0.3888888888888889 0.1125 0.13703703703703704
11 0.02734375 0.39444444444444443 0.0546875 0.12962962962962962
12 0.0953125 0.49074074074074076 0.13229166666666667 0.13240740740740742
9 0.9684895833333333 0.5013888888888889 0.06302083333333333 0.1638888888888889
13 0.06015625 0.6444444444444445 0.1203125 0.1962962962962963
3 0.9638020833333333 0.6907407407407408 0.07239583333333334 0.2388888888888889