11 0.41875 0.2462962962962963 0.07083333333333333 0.1259259259259259
0 0.49375 0.28055555555555556 0.05520833333333333 0.09814814814814815
7 0.353125 0.30462962962962964 0.07916666666666666 0.12777777777777777
9 0.5796875 0.3037037037037037 0.06354166666666666 0.11296296296296296
15 0.43072916666666666 0.3314814814814815 0.075 0.11296296296296296
8 0.5109375 0.36574074074074076 0.078125 0.1388888888888889
2 0.5979166666666667 0.4046296296296296 0.07916666666666666 0.10555555555555556
3 0.28177083333333336 0.4351851851851852 0.08333333333333333 0.26481481481481484
1 0.36041666666666666 0.45925925925925926 0.1125 0.2
6 0.440625 0.5018518518518519 0.12708333333333333 0.22592592592592592
12 0.5270833333333333 0.5296296296296297 0.12916666666666668 0.22962962962962963
14 0.6229166666666667 0.5731481481481482 0.13229166666666667 0.2351851851851852
10 0.5401041666666667 0.15925925925925927 0.06145833333333333 0.10740740740740741
5 0.48385416666666664 0.19537037037037036 0.053125 0.10185185185185185
4 0.5645833333333333 0.23425925925925925 0.07604166666666666 0.09444444444444444
11 0.02734375 0.2462962962962963 0.0546875 0.10555555555555556
7 0.084375 0.30462962962962964 0.0734375 0.11481481481481481
9 0.9747395833333333 0.30324074074074076 0.050520833333333334 0.10092592592592593
15 0.020572916666666666 0.33101851851851855 0.04114583333333333 0.10092592592592593
2 0.9622395833333334 0.4046296296296296 0.07552083333333333 0.10555555555555556
3 0.15572916666666667 0.4351851851851852 0.07708333333333334 0.25925925925925924
1 0.07708333333333334 0.45925925925925926 0.078125 0.23981481481481481
6 0.018229166666666668 0.5018518518518519 0.036458333333333336 0.2851851851851852
14 0.9395833333333333 0.5731481481481482 0.0953125 0.25925925925925924
4 0.9809895833333333 0.2337962962962963 0.03802083333333333 0.0824074074074074