11 0.41875 0.2462962962962963 0.06875 0.12222222222222222
0 0.49375 0.2814814814814815 0.06770833333333333 0.08518518518518518
7 0.353125 0.30462962962962964 0.075 0.11851851851851852
9 0.5796875 0.3037037037037037 0.06979166666666667 0.10555555555555556
15 0.43072916666666666 0.3314814814814815 0.0625 0.11296296296296296
8 0.5114583333333333 0.36574074074074076 0.07604166666666666 0.13518518518518519
2 0.5979166666666667 0.4046296296296296 0.071875 0.12777777777777777
3 0.28177083333333336 0.4361111111111111 0.11354166666666667 0.20185185185185187
1 0.36041666666666666 0.45925925925925926 0.10625 0.18888888888888888
6 0.440625 0.5018518518518519 0.13333333333333333 0.23703703703703705
12 0.5276041666666667 0.5296296296296297 0.13541666666666666 0.24074074074074073
14 0.6234375 0.5731481481481482 0.10833333333333334 0.2722222222222222
10 0.5401041666666667 0.15925925925925927 0.06041666666666667 0.10740740740740741
5 0.48385416666666664 0.19537037037037036 0.051041666666666666 0.09074074074074075
4 0.5645833333333333 0.23425925925925925 0.06458333333333334 0.11296296296296296
11 0.02734375 0.2462962962962963 0.0546875 0.10555555555555556
7 0.084375 0.30462962962962964 0.0734375 0.11481481481481481
9 0.9747395833333333 0.30324074074074076 0.050520833333333334 0.10092592592592593
15 0.020572916666666666 0.33101851851851855 0.04114583333333333 0.10092592592592593
2 0.9622395833333334 0.4046296296296296 0.07552083333333333 0.10555555555555556
3 0.15572916666666667 0.4361111111111111 0.07708333333333334 0.2574074074074074
1 0.07708333333333334 0.45925925925925926 0.078125 0.23981481481481481
6 0.018229166666666668 0.5018518518518519 0.036458333333333336 0.2851851851851852
14 0.9390625 0.5731481481481482 0.0953125 0.25925925925925924
4 0.9809895833333333 0.2337962962962963 0.03802083333333333 0.0824074074074074