3 0.4708333333333333 0.4546296296296296 0.06145833333333333 0.07962962962962963
14 0.4010416666666667 0.4824074074074074 0.059375 0.10555555555555556
8 0.5182291666666666 0.5 0.05416666666666667 0.0962962962962963
15 0.31666666666666665 0.5222222222222223 0.075 0.13333333333333333
12 0.24895833333333334 0.5342592592592592 0.052083333333333336 0.09259259259259259
13 0.5817708333333333 0.5574074074074075 0.07083333333333333 0.1259259259259259
4 0.371875 0.5888888888888889 0.08645833333333333 0.1111111111111111
11 0.5140625 0.6138888888888889 0.071875 0.12777777777777777
9 0.6567708333333333 0.6416666666666667 0.09166666666666666 0.16296296296296298
10 0.28125 0.7861111111111111 0.20208333333333334 0.3574074074074074
7 0.43333333333333335 0.7972222222222223 0.20208333333333334 0.3592592592592593
6 0.5830729166666667 0.8032407407407407 0.16510416666666666 0.39351851851851855
5 0.7296875 0.825925925925926 0.15625 0.2777777777777778
14 0.036458333333333336 0.4824074074074074 0.06927083333333334 0.08425925925925926
15 0.12083333333333333 0.5222222222222223 0.078125 0.11666666666666667
12 0.18854166666666666 0.5342592592592592 0.05520833333333333 0.0824074074074074
13 0.9716145833333333 0.5574074074074075 0.05677083333333333 0.0962962962962963
4 0.065625 0.5888888888888889 0.08125 0.0962962962962963
9 0.9057291666666667 0.6416666666666667 0.0921875 0.13703703703703704
10 0.15625 0.7861111111111111 0.12552083333333333 0.42592592592592593
7 0.0390625 0.7972222222222223 0.078125 0.39444444444444443
6 0.95390625 0.8092592592592592 0.0921875 0.37962962962962965
5 0.8328125 0.825925925925926 0.10260416666666666 0.34629629629629627