3 0.4708333333333333 0.4546296296296296 0.06041666666666667 0.07407407407407407
14 0.4010416666666667 0.4824074074074074 0.06041666666666667 0.10740740740740741
8 0.5182291666666666 0.5 0.06145833333333333 0.08703703703703704
15 0.31666666666666665 0.5222222222222223 0.078125 0.1388888888888889
12 0.24895833333333334 0.5342592592592592 0.05416666666666667 0.0962962962962963
13 0.58125 0.5574074074074075 0.06458333333333334 0.11481481481481481
4 0.37135416666666665 0.5888888888888889 0.08645833333333333 0.1111111111111111
11 0.5140625 0.6138888888888889 0.078125 0.1388888888888889
9 0.6567708333333333 0.6416666666666667 0.09791666666666667 0.15
10 0.28125 0.7861111111111111 0.184375 0.3277777777777778
7 0.43333333333333335 0.7972222222222223 0.15 0.3962962962962963
6 0.5833333333333334 0.8092592592592592 0.18125 0.32037037037037036
5 0.7294270833333333 0.8245370370370371 0.1109375 0.3509259259259259
14 0.036458333333333336 0.4824074074074074 0.06927083333333334 0.08425925925925926
15 0.12083333333333333 0.5222222222222223 0.078125 0.11666666666666667
12 0.18854166666666666 0.5342592592592592 0.05520833333333333 0.0824074074074074
13 0.971875 0.5574074074074075 0.05625 0.0962962962962963
4 0.06614583333333333 0.5888888888888889 0.08125 0.0962962962962963
9 0.9057291666666667 0.6416666666666667 0.0921875 0.13703703703703704
10 0.15625 0.7861111111111111 0.12552083333333333 0.42592592592592593
7 0.0390625 0.7972222222222223 0.078125 0.39444444444444443
6 0.95390625 0.8092592592592592 0.0921875 0.37962962962962965
5 0.8328125 0.825925925925926 0.10260416666666666 0.34629629629629627