1 0.271875 0.27685185185185185 0.07708333333333334 0.13703703703703704
5 0.37916666666666665 0.2851851851851852 0.10625 0.12222222222222222
11 0.4921875 0.29814814814814816 0.121875 0.16111111111111112
8 0.5989583333333334 0.3111111111111111 0.11458333333333333 0.17592592592592593
3 0.71875 0.3111111111111111 0.11145833333333334 0.19814814814814816
11 0.4265625 0.3814814814814815 0.09791666666666667 0.17407407407407408
14 0.2947916666666667 0.39166666666666666 0.125 0.16111111111111112
4 0.6411458333333333 0.48333333333333334 0.12708333333333333 0.22407407407407406
6 0.5067708333333333 0.49907407407407406 0.125 0.16296296296296298
12 0.33541666666666664 0.5064814814814815 0.15 0.16666666666666666
9 0.5588541666666667 0.6620370370370371 0.121875 0.21666666666666667
15 0.3984375 0.6666666666666666 0.14479166666666668 0.2574074074074074
13 0.46380208333333334 0.8527777777777777 0.17864583333333334 0.29444444444444445
1 0.165625 0.27685185185185185 0.09010416666666667 0.09166666666666666
5 0.058333333333333334 0.2851851851851852 0.1015625 0.10555555555555556
8 0.95546875 0.3106481481481482 0.0890625 0.15462962962962962
3 0.84375 0.3111111111111111 0.1125 0.1574074074074074
11 0.034895833333333334 0.38101851851851853 0.06979166666666667 0.13240740740740742
14 0.14270833333333333 0.39166666666666666 0.11770833333333333 0.13703703703703704
4 0.9213541666666667 0.48333333333333334 0.14739583333333334 0.16944444444444445
12 0.10208333333333333 0.5064814814814815 0.14583333333333334 0.15462962962962962
9 0.9692708333333333 0.6615740740740741 0.06145833333333333 0.18055555555555555
15 0.058854166666666666 0.6662037037037037 0.11770833333333333 0.18981481481481483
13 0.034375 0.8657407407407407 0.06875 0.2574074074074074