1 0.2713541666666667 0.27685185185185185 0.075 0.13333333333333333
5 0.37916666666666665 0.2851851851851852 0.10625 0.12037037037037036
11 0.4921875 0.29814814814814816 0.10104166666666667 0.17962962962962964
8 0.5989583333333334 0.3111111111111111 0.09791666666666667 0.17407407407407408
3 0.71875 0.3101851851851852 0.10729166666666666 0.19074074074074074
11 0.4265625 0.3814814814814815 0.125 0.1574074074074074
14 0.2947916666666667 0.39166666666666666 0.12083333333333333 0.14629629629629629
4 0.6411458333333333 0.4824074074074074 0.13020833333333334 0.22962962962962963
6 0.5067708333333333 0.4981481481481482 0.11770833333333333 0.20925925925925926
12 0.33541666666666664 0.5064814814814815 0.15208333333333332 0.17777777777777778
9 0.5588541666666667 0.6620370370370371 0.128125 0.22777777777777777
15 0.3984375 0.6666666666666666 0.159375 0.1962962962962963
13 0.46328125 0.8634259259259259 0.19947916666666668 0.27314814814814814
1 0.16614583333333333 0.27685185185185185 0.09114583333333333 0.09166666666666666
5 0.058333333333333334 0.2851851851851852 0.1015625 0.10555555555555556
8 0.95546875 0.3106481481481482 0.0890625 0.15462962962962962
3 0.84375 0.3101851851851852 0.1125 0.1574074074074074
11 0.034895833333333334 0.38101851851851853 0.06979166666666667 0.13240740740740742
14 0.14270833333333333 0.39166666666666666 0.11770833333333333 0.13703703703703704
4 0.9213541666666667 0.4824074074074074 0.14739583333333334 0.1712962962962963
12 0.10208333333333333 0.5064814814814815 0.14583333333333334 0.15462962962962962
9 0.9692708333333333 0.6615740740740741 0.06145833333333333 0.18055555555555555
15 0.058854166666666666 0.6662037037037037 0.11770833333333333 0.18981481481481483
13 0.03463541666666667 0.8657407407407407 0.06927083333333334 0.2574074074074074