1 0.2713541666666667 0.27685185185185185 0.07708333333333334 0.13703703703703704
5 0.37916666666666665 0.2851851851851852 0.08125 0.14629629629629629
11 0.49166666666666664 0.29814814814814816 0.12083333333333333 0.15555555555555556
8 0.5989583333333334 0.3111111111111111 0.096875 0.17222222222222222
3 0.71875 0.3111111111111111 0.10729166666666666 0.19074074074074074
11 0.4265625 0.3814814814814815 0.11979166666666667 0.14074074074074075
14 0.2947916666666667 0.39166666666666666 0.10625 0.18888888888888888
4 0.6411458333333333 0.48333333333333334 0.14791666666666667 0.17222222222222222
6 0.5067708333333333 0.4981481481481482 0.1125 0.2
12 0.33541666666666664 0.5064814814814815 0.125 0.22407407407407406
9 0.5588541666666667 0.6620370370370371 0.12604166666666666 0.22407407407407406
15 0.3984375 0.6666666666666666 0.16354166666666667 0.2074074074074074
13 0.46328125 0.8518518518518519 0.18072916666666666 0.2962962962962963
1 0.16614583333333333 0.27685185185185185 0.09114583333333333 0.09166666666666666
5 0.058333333333333334 0.2851851851851852 0.1015625 0.10555555555555556
8 0.95546875 0.3106481481481482 0.0890625 0.15462962962962962
3 0.84375 0.3111111111111111 0.1125 0.1574074074074074
11 0.034895833333333334 0.38101851851851853 0.06979166666666667 0.13240740740740742
14 0.14270833333333333 0.39166666666666666 0.11770833333333333 0.13703703703703704
4 0.9213541666666667 0.48333333333333334 0.14739583333333334 0.16944444444444445
12 0.10208333333333333 0.5064814814814815 0.14583333333333334 0.15462962962962962
9 0.9692708333333333 0.6615740740740741 0.06145833333333333 0.18055555555555555
15 0.058854166666666666 0.6662037037037037 0.11770833333333333 0.18981481481481483
13 0.03463541666666667 0.8657407407407407 0.06927083333333334 0.2574074074074074