9 0.6234375 0.2564814814814815 0.07291666666666667 0.12962962962962962
10 0.6015625 0.29814814814814816 0.04895833333333333 0.14629629629629629
15 0.5796875 0.34444444444444444 0.06770833333333333 0.12037037037037036
14 0.5536458333333333 0.3814814814814815 0.08125 0.1425925925925926
11 0.5307291666666667 0.4398148148148148 0.07604166666666666 0.13518518518518519
4 0.4901041666666667 0.4925925925925926 0.09479166666666666 0.1685185185185185
13 0.4234375 0.6444444444444445 0.10625 0.18888888888888888
0 0.7208333333333333 0.687037037037037 0.08541666666666667 0.15185185185185185
9 0.9390625 0.2564814814814815 0.03333333333333333 0.18518518518518517
10 0.9609375 0.29814814814814816 0.0421875 0.14166666666666666
15 0.9822916666666667 0.3439814814814815 0.035416666666666666 0.15462962962962962
14 0.99453125 0.38101851851851853 0.0109375 0.19166666666666668
13 0.028385416666666666 0.6439814814814815 0.05677083333333333 0.2212962962962963
0 0.8416666666666667 0.687037037037037 0.04635416666666667 0.1962962962962963