9 0.6234375 0.2564814814814815 0.036458333333333336 0.18703703703703703
10 0.6015625 0.29814814814814816 0.04375 0.1425925925925926
15 0.5796875 0.34444444444444444 0.06354166666666666 0.11296296296296296
14 0.5536458333333333 0.3814814814814815 0.08020833333333334 0.14074074074074075
11 0.5307291666666667 0.4398148148148148 0.07708333333333334 0.13703703703703704
4 0.4901041666666667 0.4925925925925926 0.08958333333333333 0.15925925925925927
13 0.4234375 0.6444444444444445 0.096875 0.23333333333333334
0 0.7208333333333333 0.687037037037037 0.084375 0.15
9 0.9390625 0.2564814814814815 0.03333333333333333 0.18518518518518517
10 0.9609375 0.29814814814814816 0.0421875 0.14166666666666666
15 0.9822916666666667 0.3439814814814815 0.035416666666666666 0.15462962962962962
14 0.99453125 0.38101851851851853 0.0109375 0.19166666666666668
13 0.028385416666666666 0.6439814814814815 0.05677083333333333 0.2212962962962963
0 0.8416666666666667 0.687037037037037 0.04635416666666667 0.1962962962962963