9 0.6234375 0.2564814814814815 0.03333333333333333 0.18518518518518517
10 0.6015625 0.29814814814814816 0.0421875 0.14166666666666666
15 0.5796875 0.3435185185185185 0.036458333333333336 0.15555555555555556
14 0.553125 0.38055555555555554 0.04010416666666667 0.1935185185185185
11 0.5307291666666667 0.4398148148148148 0.0421875 0.17592592592592593
4 0.4901041666666667 0.4925925925925926 0.07552083333333333 0.18518518518518517
13 0.4234375 0.6444444444444445 0.0859375 0.2212962962962963
0 0.7203125 0.687037037037037 0.04739583333333333 0.1962962962962963
9 0.9390625 0.2564814814814815 0.03333333333333333 0.18518518518518517
10 0.9609375 0.29814814814814816 0.0421875 0.14166666666666666
15 0.9822916666666667 0.3435185185185185 0.035416666666666666 0.15555555555555556
14 0.99453125 0.3800925925925926 0.0109375 0.1935185185185185
13 0.028385416666666666 0.6439814814814815 0.05677083333333333 0.2212962962962963
0 0.8421875 0.687037037037037 0.04739583333333333 0.1962962962962963