9 0.6234375 0.2564814814814815 0.07395833333333333 0.13148148148148148
10 0.6015625 0.29907407407407405 0.06666666666666667 0.11851851851851852
15 0.5796875 0.34444444444444444 0.03854166666666667 0.1574074074074074
14 0.5536458333333333 0.3814814814814815 0.052083333333333336 0.19814814814814816
11 0.5307291666666667 0.4398148148148148 0.078125 0.1388888888888889
4 0.4901041666666667 0.4925925925925926 0.07708333333333334 0.18703703703703703
13 0.4239583333333333 0.6444444444444445 0.08645833333333333 0.2222222222222222
0 0.7208333333333333 0.687037037037037 0.051041666666666666 0.2
9 0.9390625 0.2564814814814815 0.03333333333333333 0.18518518518518517
10 0.9609375 0.29907407407407405 0.0421875 0.14166666666666666
15 0.9822916666666667 0.3439814814814815 0.035416666666666666 0.15462962962962962
14 0.99453125 0.38101851851851853 0.0109375 0.19166666666666668
13 0.027864583333333335 0.6439814814814815 0.05572916666666667 0.2212962962962963
0 0.8416666666666667 0.687037037037037 0.04635416666666667 0.1962962962962963