12 0.2598958333333333 0.29444444444444445 0.12395833333333334 0.22037037037037038
10 0.37578125 0.03657407407407407 0.09010416666666667 0.07314814814814814
11 0.434375 0.4305555555555556 0.12395833333333334 0.3
1 0.32708333333333334 0.5037037037037037 0.121875 0.31296296296296294
3 0.2830729166666667 0.07083333333333333 0.09322916666666667 0.14166666666666666
8 0.40989583333333335 0.7148148148148148 0.121875 0.30925925925925923
2 0.4671875 0.15462962962962962 0.13541666666666666 0.24074074074074073
0 0.35625 0.21851851851851853 0.14166666666666666 0.2518518518518518
12 0.17760416666666667 0.29444444444444445 0.08229166666666667 0.28425925925925927
10 0.06145833333333333 0.03518518518518519 0.08854166666666667 0.07037037037037037
11 0.028385416666666666 0.4300925925925926 0.05677083333333333 0.28425925925925927
1 0.11041666666666666 0.5037037037037037 0.1078125 0.29814814814814816
3 0.15416666666666667 0.058333333333333334 0.11041666666666666 0.11666666666666667
8 0.043229166666666666 0.7143518518518519 0.08645833333333333 0.30462962962962964
2 0.01015625 0.15416666666666667 0.0203125 0.26944444444444443
0 0.08125 0.21851851851851853 0.10260416666666666 0.28055555555555556