12 0.2598958333333333 0.29444444444444445 0.08333333333333333 0.2851851851851852
10 0.37552083333333336 0.04861111111111111 0.06875 0.09722222222222222
11 0.434375 0.4305555555555556 0.11979166666666667 0.2962962962962963
1 0.32708333333333334 0.5037037037037037 0.13958333333333334 0.24814814814814815
3 0.2828125 0.06805555555555555 0.08854166666666667 0.1361111111111111
8 0.40989583333333335 0.7138888888888889 0.15729166666666666 0.2796296296296296
2 0.4671875 0.15462962962962962 0.13645833333333332 0.24259259259259258
0 0.35625 0.21851851851851853 0.14270833333333333 0.2537037037037037
12 0.17760416666666667 0.29444444444444445 0.08229166666666667 0.28425925925925927
10 0.06145833333333333 0.03518518518518519 0.08854166666666667 0.07037037037037037
11 0.028385416666666666 0.4300925925925926 0.05677083333333333 0.28425925925925927
1 0.11041666666666666 0.5037037037037037 0.1078125 0.29814814814814816
3 0.15416666666666667 0.058333333333333334 0.11041666666666666 0.11666666666666667
8 0.043229166666666666 0.7134259259259259 0.08645833333333333 0.30462962962962964
2 0.01015625 0.15416666666666667 0.0203125 0.2712962962962963
0 0.08125 0.21851851851851853 0.10260416666666666 0.28055555555555556