4 0.353125 0.3 0.06979166666666667 0.12407407407407407
8 0.415625 0.3148148148148148 0.07916666666666666 0.14074074074074075
5 0.6317708333333333 0.44351851851851853 0.06875 0.12222222222222222
2 0.6869791666666667 0.4648148148148148 0.06145833333333333 0.10925925925925926
11 0.6484375 0.537962962962963 0.041666666666666664 0.1259259259259259
0 0.353125 0.5842592592592593 0.09166666666666666 0.16296296296296298
15 0.5927083333333333 0.5935185185185186 0.09375 0.16666666666666666
3 0.6864583333333333 0.6101851851851852 0.096875 0.17222222222222222
12 0.4296875 0.1 0.057291666666666664 0.13333333333333333
1 0.3890625 0.21203703703703702 0.05416666666666667 0.13148148148148148
4 0.084375 0.3 0.04895833333333333 0.15555555555555556
8 0.02578125 0.3143518518518518 0.0515625 0.15462962962962962
5 0.9307291666666667 0.44351851851851853 0.05625 0.13703703703703704
2 0.8755208333333333 0.4648148148148148 0.04739583333333333 0.11481481481481481
11 0.9140625 0.537962962962963 0.04010416666666667 0.12314814814814815
0 0.084375 0.5842592592592593 0.07708333333333334 0.16944444444444445
15 0.9661458333333334 0.5935185185185186 0.06770833333333333 0.2
3 0.8760416666666667 0.6101851851851852 0.0671875 0.2
12 0.016145833333333335 0.09953703703703703 0.03229166666666667 0.125
1 0.0484375 0.21203703703703702 0.04791666666666667 0.125