4 0.353125 0.3 0.04895833333333333 0.15555555555555556
8 0.415625 0.3148148148148148 0.059375 0.15462962962962962
5 0.6317708333333333 0.44351851851851853 0.05520833333333333 0.13703703703703704
2 0.6869791666666667 0.4648148148148148 0.04739583333333333 0.11481481481481481
11 0.6484375 0.537962962962963 0.04010416666666667 0.12314814814814815
0 0.353125 0.5842592592592593 0.07708333333333334 0.16944444444444445
15 0.5932291666666667 0.5935185185185186 0.07447916666666667 0.2
3 0.6864583333333333 0.6101851851851852 0.0671875 0.2
12 0.4296875 0.1 0.04895833333333333 0.12314814814814815
1 0.38958333333333334 0.21296296296296297 0.04791666666666667 0.12314814814814815
4 0.084375 0.3 0.04895833333333333 0.15555555555555556
8 0.02578125 0.3143518518518518 0.0515625 0.15462962962962962
5 0.9307291666666667 0.44351851851851853 0.05520833333333333 0.13703703703703704
2 0.8755208333333333 0.4648148148148148 0.04739583333333333 0.11481481481481481
11 0.9140625 0.537962962962963 0.04010416666666667 0.12314814814814815
0 0.084375 0.5842592592592593 0.07708333333333334 0.16944444444444445
15 0.9658854166666667 0.5935185185185186 0.06822916666666666 0.2
3 0.8760416666666667 0.6101851851851852 0.0671875 0.2
12 0.016145833333333335 0.09953703703703703 0.03229166666666667 0.12314814814814815
1 0.04791666666666667 0.21296296296296297 0.04791666666666667 0.12314814814814815