2 0.553125 0.38981481481481484 0.041666666666666664 0.14444444444444443
10 0.6458333333333334 0.40185185185185185 0.04791666666666667 0.1388888888888889
9 0.6067708333333334 0.45092592592592595 0.06979166666666667 0.12407407407407407
13 0.46145833333333336 0.487962962962963 0.075 0.13148148148148148
12 0.25364583333333335 0.5027777777777778 0.07604166666666666 0.13518518518518519
14 0.721875 0.5222222222222223 0.0875 0.15555555555555556
11 0.5411458333333333 0.6148148148148148 0.09166666666666666 0.16296296296296298
6 0.290625 0.6194444444444445 0.071875 0.15185185185185185
2 0.9947916666666666 0.38935185185185184 0.010416666666666666 0.14166666666666666
10 0.9166666666666666 0.40185185185185185 0.04010416666666667 0.13240740740740742
9 0.9557291666666666 0.45092592592592595 0.04739583333333333 0.1527777777777778
12 0.18385416666666668 0.5027777777777778 0.06458333333333334 0.13703703703703704
14 0.840625 0.5222222222222223 0.06041666666666667 0.17314814814814813
6 0.146875 0.6194444444444445 0.06458333333333334 0.14166666666666666