2 0.553125 0.38981481481481484 0.046875 0.14814814814814814
10 0.6458333333333334 0.4009259259259259 0.06041666666666667 0.10740740740740741
9 0.6067708333333334 0.45092592592592595 0.052083333333333336 0.1574074074074074
13 0.4609375 0.487962962962963 0.07291666666666667 0.12962962962962962
12 0.25364583333333335 0.5027777777777778 0.07708333333333334 0.13703703703703704
14 0.721875 0.5222222222222223 0.06666666666666667 0.17962962962962964
11 0.5411458333333333 0.6148148148148148 0.09270833333333334 0.1648148148148148
6 0.290625 0.6185185185185185 0.08125 0.14444444444444443
2 0.9947916666666666 0.38935185185185184 0.010416666666666666 0.14166666666666666
10 0.9166666666666666 0.4009259259259259 0.04010416666666667 0.13425925925925927
9 0.9557291666666666 0.45092592592592595 0.04739583333333333 0.1527777777777778
12 0.18385416666666668 0.5027777777777778 0.06458333333333334 0.13703703703703704
14 0.840625 0.5222222222222223 0.06041666666666667 0.17314814814814813
6 0.146875 0.6185185185185185 0.06458333333333334 0.14351851851851852