2 0.553125 0.38981481481481484 0.0625 0.1111111111111111
10 0.6458333333333334 0.40185185185185185 0.0625 0.1111111111111111
9 0.6067708333333334 0.45092592592592595 0.04895833333333333 0.15555555555555556
13 0.46145833333333336 0.487962962962963 0.06770833333333333 0.15185185185185185
12 0.25364583333333335 0.5027777777777778 0.07291666666666667 0.14814814814814814
14 0.721875 0.5222222222222223 0.08333333333333333 0.14814814814814814
11 0.5411458333333333 0.6148148148148148 0.09479166666666666 0.1685185185185185
6 0.290625 0.6194444444444445 0.06666666666666667 0.14629629629629629
2 0.9947916666666666 0.38935185185185184 0.010416666666666666 0.14166666666666666
10 0.9166666666666666 0.40185185185185185 0.04010416666666667 0.13240740740740742
9 0.9557291666666666 0.45092592592592595 0.04739583333333333 0.1527777777777778
12 0.18385416666666668 0.5027777777777778 0.06458333333333334 0.13703703703703704
14 0.840625 0.5222222222222223 0.06041666666666667 0.17314814814814813
6 0.146875 0.6194444444444445 0.06458333333333334 0.14166666666666666