5 0.4234375 0.31851851851851853 0.04791666666666667 0.08518518518518518
7 0.49635416666666665 0.3296296296296296 0.08645833333333333 0.1537037037037037
8 0.5953125 0.34444444444444444 0.0875 0.1537037037037037
10 0.35989583333333336 0.375 0.13020833333333334 0.2
3 0.6942708333333333 0.3787037037037037 0.09166666666666666 0.16296296296296298
14 0.28072916666666664 0.42962962962962964 0.058333333333333334 0.12777777777777777
0 0.5619791666666667 0.49537037037037035 0.13645833333333332 0.19814814814814816
12 0.35625 0.5268518518518519 0.10729166666666666 0.19074074074074074
11 0.45989583333333334 0.5370370370370371 0.08541666666666667 0.13148148148148148
15 0.39947916666666666 0.662962962962963 0.14166666666666666 0.17777777777777778
6 0.5588541666666667 0.6796296296296296 0.13541666666666666 0.16666666666666666
13 0.4744791666666667 0.8453703703703703 0.15 0.26666666666666666
5 0.016927083333333332 0.31805555555555554 0.033854166666666664 0.09351851851851851
8 0.9591145833333333 0.3439814814814815 0.08177083333333333 0.13240740740740742
10 0.07760416666666667 0.375 0.11927083333333334 0.17777777777777778
3 0.8682291666666667 0.3787037037037037 0.0921875 0.15092592592592594
14 0.15677083333333333 0.42962962962962964 0.05520833333333333 0.12314814814814815
0 0.9677083333333333 0.4949074074074074 0.06458333333333334 0.1824074074074074
12 0.08125 0.5268518518518519 0.128125 0.15462962962962962
11 0.00859375 0.5370370370370371 0.0171875 0.11851851851851852
15 0.053125 0.6625 0.10625 0.1638888888888889
6 0.96796875 0.6796296296296296 0.0640625 0.1648148148148148
13 0.022135416666666668 0.8453703703703703 0.044270833333333336 0.2388888888888889