5 0.4234375 0.3194444444444444 0.04791666666666667 0.08703703703703704
7 0.49635416666666665 0.3296296296296296 0.09479166666666666 0.13333333333333333
8 0.5953125 0.3453703703703704 0.08541666666666667 0.15185185185185185
10 0.35989583333333336 0.375 0.12291666666666666 0.18518518518518517
3 0.6942708333333333 0.3787037037037037 0.090625 0.16111111111111112
14 0.28125 0.42962962962962964 0.06875 0.12222222222222222
0 0.5619791666666667 0.49537037037037035 0.12604166666666666 0.22407407407407406
12 0.35625 0.5268518518518519 0.12916666666666668 0.1574074074074074
11 0.45989583333333334 0.5370370370370371 0.08020833333333334 0.11851851851851852
15 0.39947916666666666 0.662962962962963 0.13645833333333332 0.16296296296296298
6 0.5588541666666667 0.6796296296296296 0.14270833333333333 0.18888888888888888
13 0.4744791666666667 0.8453703703703703 0.159375 0.2833333333333333
5 0.016927083333333332 0.3194444444444444 0.033854166666666664 0.09444444444444444
8 0.9591145833333333 0.3449074074074074 0.08177083333333333 0.13240740740740742
10 0.07760416666666667 0.375 0.11927083333333334 0.17777777777777778
3 0.8682291666666667 0.3787037037037037 0.0921875 0.15092592592592594
14 0.15625 0.42962962962962964 0.05520833333333333 0.12314814814814815
0 0.9677083333333333 0.4949074074074074 0.06458333333333334 0.1824074074074074
12 0.08125 0.5268518518518519 0.128125 0.15462962962962962
11 0.00859375 0.5370370370370371 0.0171875 0.11851851851851852
15 0.053125 0.6625 0.10625 0.1638888888888889
6 0.9682291666666667 0.6796296296296296 0.06354166666666666 0.1648148148148148
13 0.022135416666666668 0.8453703703703703 0.044270833333333336 0.2388888888888889