4 0.3921875 0.24814814814814815 0.057291666666666664 0.1
9 0.5359375 0.25925925925925924 0.053125 0.0962962962962963
8 0.609375 0.29444444444444445 0.07604166666666666 0.13333333333333333
10 0.46041666666666664 0.31851851851851853 0.059375 0.10555555555555556
11 0.5333333333333333 0.35462962962962963 0.09479166666666666 0.16666666666666666
6 0.384375 0.3972222222222222 0.06458333333333334 0.11481481481481481
14 0.4625 0.43333333333333335 0.0875 0.1537037037037037
3 0.3765625 0.5120370370370371 0.08854166666666667 0.1574074074074074
13 0.5921875 0.6453703703703704 0.146875 0.2611111111111111
2 0.46510416666666665 0.1648148148148148 0.051041666666666666 0.12037037037037036
12 0.6036458333333333 0.1787037037037037 0.058333333333333334 0.1037037037037037
14 0.5322916666666667 0.18518518518518517 0.051041666666666666 0.09074074074074075
5 0.6796875 0.2175925925925926 0.09270833333333334 0.1648148148148148
4 0.0453125 0.24814814814814815 0.05520833333333333 0.08703703703703704
8 0.953125 0.29444444444444445 0.0671875 0.1388888888888889
6 0.053125 0.3972222222222222 0.07447916666666667 0.07592592592592592
3 0.0609375 0.5120370370370371 0.0875 0.15925925925925927
13 0.9544270833333334 0.6453703703703704 0.09114583333333333 0.29444444444444445
12 0.9588541666666667 0.1787037037037037 0.059375 0.10092592592592593
5 0.8828125 0.2175925925925926 0.07291666666666667 0.17592592592592593