4 0.39166666666666666 0.24814814814814815 0.05520833333333333 0.08703703703703704
9 0.5359375 0.25925925925925924 0.07395833333333333 0.07037037037037037
8 0.6088541666666667 0.29444444444444445 0.08125 0.14444444444444443
10 0.46041666666666664 0.31851851851851853 0.06458333333333334 0.09259259259259259
11 0.5333333333333333 0.35462962962962963 0.0875 0.17407407407407408
6 0.384375 0.3962962962962963 0.0625 0.1111111111111111
14 0.4625 0.43333333333333335 0.07291666666666667 0.17037037037037037
3 0.3765625 0.5120370370370371 0.096875 0.17407407407407408
13 0.5921875 0.6453703703703704 0.13958333333333334 0.3148148148148148
2 0.46458333333333335 0.1648148148148148 0.06145833333333333 0.10925925925925926
12 0.6036458333333333 0.1787037037037037 0.06041666666666667 0.10740740740740741
14 0.5322916666666667 0.18518518518518517 0.052083333333333336 0.09259259259259259
5 0.6791666666666667 0.21666666666666667 0.075 0.17962962962962964
4 0.04583333333333333 0.24814814814814815 0.05520833333333333 0.08703703703703704
8 0.9536458333333333 0.29444444444444445 0.0671875 0.1388888888888889
6 0.053125 0.3962962962962963 0.07447916666666667 0.07592592592592592
3 0.0609375 0.5120370370370371 0.0875 0.15925925925925927
13 0.9544270833333334 0.6453703703703704 0.09114583333333333 0.29444444444444445
12 0.9588541666666667 0.1787037037037037 0.059375 0.10092592592592593
5 0.8833333333333333 0.21666666666666667 0.0734375 0.17592592592592593