4 0.3921875 0.24814814814814815 0.05625 0.08888888888888889
9 0.5359375 0.25925925925925924 0.05416666666666667 0.09814814814814815
8 0.609375 0.29444444444444445 0.07916666666666666 0.14074074074074075
10 0.46041666666666664 0.31851851851851853 0.059375 0.10555555555555556
11 0.5333333333333333 0.35462962962962963 0.08541666666666667 0.17222222222222222
6 0.384375 0.3972222222222222 0.06354166666666666 0.11296296296296296
14 0.4625 0.43333333333333335 0.090625 0.16111111111111112
3 0.3765625 0.5120370370370371 0.09479166666666666 0.17222222222222222
13 0.5921875 0.6453703703703704 0.15625 0.2777777777777778
2 0.46510416666666665 0.1648148148148148 0.06145833333333333 0.10925925925925926
12 0.6036458333333333 0.1787037037037037 0.058333333333333334 0.1037037037037037
14 0.5322916666666667 0.18518518518518517 0.052083333333333336 0.09259259259259259
5 0.6796875 0.2175925925925926 0.08645833333333333 0.1537037037037037
4 0.0453125 0.24814814814814815 0.05520833333333333 0.08703703703703704
8 0.953125 0.29444444444444445 0.0671875 0.1388888888888889
6 0.053125 0.3972222222222222 0.07447916666666667 0.07592592592592592
3 0.0609375 0.5120370370370371 0.0875 0.15925925925925927
13 0.9544270833333334 0.6453703703703704 0.09114583333333333 0.29444444444444445
12 0.9588541666666667 0.1787037037037037 0.059375 0.10092592592592593
5 0.8828125 0.2175925925925926 0.07291666666666667 0.17592592592592593