12 0.4546875 0.3527777777777778 0.07916666666666666 0.14074074074074075
11 0.7166666666666667 0.4287037037037037 0.11875 0.2111111111111111
15 0.25 0.45185185185185184 0.06666666666666667 0.35555555555555557
10 0.3453125 0.46944444444444444 0.16770833333333332 0.29814814814814816
9 0.6307291666666667 0.5268518518518519 0.19791666666666666 0.35185185185185186
7 0.47604166666666664 0.5694444444444444 0.17083333333333334 0.4666666666666667
12 0.0125 0.3523148148148148 0.025 0.13055555555555556
11 0.8458333333333333 0.4287037037037037 0.071875 0.26944444444444443
15 0.1875 0.45185185185185184 0.059375 0.3509259259259259
10 0.0921875 0.46944444444444444 0.121875 0.325
9 0.92890625 0.5268518518518519 0.1421875 0.3851851851851852
7 0.019270833333333334 0.5689814814814815 0.03854166666666667 0.45092592592592595