8 0.6203125 0.2657407407407407 0.06979166666666667 0.12407407407407407
7 0.5078125 0.27685185185185185 0.08958333333333333 0.15925925925925927
3 0.7286458333333333 0.3 0.08854166666666667 0.12407407407407407
14 0.2916666666666667 0.34444444444444444 0.09166666666666666 0.16296296296296298
4 0.7020833333333333 0.3768518518518518 0.07083333333333333 0.1259259259259259
10 0.42291666666666666 0.3925925925925926 0.159375 0.2833333333333333
2 0.5916666666666667 0.40185185185185185 0.15625 0.2777777777777778
12 0.31614583333333335 0.45 0.08541666666666667 0.15185185185185185
15 0.4041666666666667 0.6074074074074074 0.14166666666666666 0.2518518518518518
6 0.5890625 0.6138888888888889 0.14166666666666666 0.2518518518518518
13 0.4921875 0.8046296296296296 0.21458333333333332 0.3037037037037037
5 0.390625 0.24074074074074073 0.11145833333333334 0.12222222222222222
8 0.9421875 0.2657407407407407 0.09270833333333334 0.06666666666666667
3 0.8338541666666667 0.3 0.08489583333333334 0.11481481481481481
14 0.14583333333333334 0.34444444444444444 0.08958333333333333 0.15555555555555556
4 0.8604166666666667 0.3768518518518518 0.059375 0.14444444444444443
10 0.049479166666666664 0.3921296296296296 0.09895833333333333 0.2324074074074074
2 0.9390625 0.40185185185185185 0.121875 0.21666666666666667
12 0.12135416666666667 0.45 0.09479166666666666 0.125
15 0.05963541666666667 0.6069444444444444 0.11927083333333334 0.18981481481481483
6 0.9486979166666667 0.6134259259259259 0.10260416666666666 0.18981481481481483
13 0.023697916666666666 0.8046296296296296 0.04739583333333333 0.2796296296296296
5 0.05 0.24027777777777778 0.1 0.10092592592592593