8 0.6203125 0.2657407407407407 0.071875 0.12777777777777777
7 0.5078125 0.27685185185185185 0.09375 0.16666666666666666
3 0.728125 0.3 0.08854166666666667 0.12222222222222222
14 0.2916666666666667 0.34444444444444444 0.096875 0.1685185185185185
4 0.7020833333333333 0.3768518518518518 0.075 0.13333333333333333
10 0.42291666666666666 0.39166666666666666 0.153125 0.27037037037037037
2 0.5916666666666667 0.40185185185185185 0.1625 0.28888888888888886
12 0.31614583333333335 0.45 0.08854166666666667 0.1574074074074074
15 0.4041666666666667 0.6074074074074074 0.15208333333333332 0.27037037037037037
6 0.5890625 0.6138888888888889 0.14270833333333333 0.2537037037037037
13 0.49166666666666664 0.8046296296296296 0.18333333333333332 0.32407407407407407
5 0.390625 0.24074074074074073 0.109375 0.11296296296296296
8 0.9421875 0.2657407407407407 0.09270833333333334 0.06666666666666667
3 0.834375 0.3 0.08489583333333334 0.11481481481481481
14 0.14583333333333334 0.34444444444444444 0.08958333333333333 0.15555555555555556
4 0.8604166666666667 0.3768518518518518 0.059375 0.14444444444444443
10 0.049479166666666664 0.3912037037037037 0.09895833333333333 0.23425925925925925
2 0.9390625 0.40185185185185185 0.121875 0.21666666666666667
12 0.12135416666666667 0.45 0.09479166666666666 0.125
15 0.05963541666666667 0.6069444444444444 0.11927083333333334 0.18981481481481483
6 0.9486979166666667 0.6134259259259259 0.10260416666666666 0.18981481481481483
13 0.02421875 0.8046296296296296 0.0484375 0.2796296296296296
5 0.05 0.24027777777777778 0.1 0.10092592592592593