15 0.7145833333333333 0.5351851851851852 0.05416666666666667 0.0962962962962963
5 0.27760416666666665 0.6342592592592593 0.06041666666666667 0.10555555555555556
13 0.5171875 0.6574074074074074 0.06875 0.09814814814814815
11 0.7578125 0.6833333333333333 0.052083333333333336 0.09814814814814815
10 0.38177083333333334 0.7046296296296296 0.06770833333333333 0.1037037037037037
12 0.503125 0.7759259259259259 0.075 0.13333333333333333
8 0.709375 0.9111111111111111 0.06770833333333333 0.12962962962962962
15 0.8479166666666667 0.5351851851851852 0.06927083333333334 0.06481481481481481
5 0.15989583333333332 0.6342592592592593 0.06041666666666667 0.10092592592592593
11 0.8046875 0.6833333333333333 0.04635416666666667 0.08888888888888889
10 0.05572916666666667 0.7046296296296296 0.06458333333333334 0.0962962962962963
8 0.853125 0.9111111111111111 0.06197916666666667 0.12314814814814815