11 0.45989583333333334 0.4101851851851852 0.06770833333333333 0.11481481481481481
14 0.5125 0.44166666666666665 0.046875 0.08888888888888889
7 0.4375 0.48055555555555557 0.07083333333333333 0.12407407407407407
8 0.5588541666666667 0.55 0.08645833333333333 0.1537037037037037
9 0.6239583333333333 0.5935185185185186 0.13333333333333333 0.2388888888888889
5 0.5026041666666666 0.6074074074074074 0.12083333333333333 0.21481481481481482
4 0.38958333333333334 0.6203703703703703 0.13958333333333334 0.24814814814814815
7 0.0171875 0.48055555555555557 0.034375 0.10555555555555556
8 0.9911458333333333 0.549537037037037 0.017708333333333333 0.20092592592592592
9 0.9385416666666667 0.5935185185185186 0.08489583333333334 0.28703703703703703
4 0.05130208333333333 0.6203703703703703 0.10260416666666666 0.26666666666666666