11 0.45989583333333334 0.4101851851851852 0.06354166666666666 0.10555555555555556
14 0.5125 0.44166666666666665 0.04791666666666667 0.08703703703703704
7 0.4375 0.48055555555555557 0.06458333333333334 0.11296296296296296
8 0.5588541666666667 0.55 0.08020833333333334 0.1425925925925926
9 0.6239583333333333 0.5935185185185186 0.12708333333333333 0.22777777777777777
5 0.5026041666666666 0.6074074074074074 0.08541666666666667 0.2518518518518518
4 0.3890625 0.6203703703703703 0.13125 0.23148148148148148
7 0.0171875 0.48055555555555557 0.034375 0.10555555555555556
8 0.9911458333333333 0.549537037037037 0.017708333333333333 0.20092592592592592
9 0.9385416666666667 0.5935185185185186 0.08489583333333334 0.28703703703703703
4 0.0515625 0.6203703703703703 0.103125 0.26666666666666666