11 0.45989583333333334 0.4101851851851852 0.0625 0.1111111111111111
14 0.5125 0.44166666666666665 0.046875 0.08333333333333333
7 0.43802083333333336 0.48055555555555557 0.071875 0.1111111111111111
8 0.5588541666666667 0.55 0.04479166666666667 0.20185185185185187
9 0.6239583333333333 0.5944444444444444 0.13125 0.23333333333333334
5 0.5026041666666666 0.6074074074074074 0.0875 0.2537037037037037
4 0.38958333333333334 0.6203703703703703 0.1125 0.27037037037037037
7 0.016927083333333332 0.48055555555555557 0.033854166666666664 0.10555555555555556
8 0.9911458333333333 0.549537037037037 0.017708333333333333 0.20092592592592592
9 0.9385416666666667 0.5944444444444444 0.08489583333333334 0.2851851851851852
4 0.05130208333333333 0.6203703703703703 0.10260416666666666 0.26666666666666666