11 0.45989583333333334 0.4101851851851852 0.06197916666666667 0.10277777777777777
14 0.5125 0.44166666666666665 0.042708333333333334 0.08425925925925926
7 0.4375 0.48055555555555557 0.06927083333333334 0.10555555555555556
8 0.5588541666666667 0.55 0.042708333333333334 0.20092592592592592
9 0.6239583333333333 0.5935185185185186 0.08489583333333334 0.28703703703703703
5 0.5026041666666666 0.6074074074074074 0.084375 0.25
4 0.3890625 0.6203703703703703 0.109375 0.26666666666666666
7 0.0171875 0.48055555555555557 0.034375 0.10555555555555556
8 0.9911458333333333 0.549537037037037 0.017708333333333333 0.20092592592592592
9 0.9385416666666667 0.5935185185185186 0.08489583333333334 0.28703703703703703
4 0.0515625 0.6203703703703703 0.103125 0.26666666666666666