11 0.45989583333333334 0.4101851851851852 0.065625 0.11666666666666667
14 0.5125 0.44166666666666665 0.046875 0.08333333333333333
7 0.4375 0.48055555555555557 0.06875 0.12037037037037036
8 0.5588541666666667 0.55 0.078125 0.1388888888888889
9 0.6239583333333333 0.5935185185185186 0.125 0.22407407407407406
5 0.5026041666666666 0.6074074074074074 0.115625 0.20555555555555555
4 0.38958333333333334 0.6203703703703703 0.13541666666666666 0.24074074074074073
7 0.0171875 0.48055555555555557 0.034375 0.10555555555555556
8 0.9911458333333333 0.549537037037037 0.017708333333333333 0.20092592592592592
9 0.9385416666666667 0.5935185185185186 0.08489583333333334 0.28703703703703703
4 0.05130208333333333 0.6203703703703703 0.10260416666666666 0.26666666666666666