4 0.6015625 0.30092592592592593 0.053125 0.09259259259259259
5 0.6677083333333333 0.3333333333333333 0.059375 0.1
3 0.5739583333333333 0.3537037037037037 0.059375 0.10555555555555556
7 0.4744791666666667 0.3768518518518518 0.06979166666666667 0.12407407407407407
10 0.6427083333333333 0.41203703703703703 0.058333333333333334 0.1037037037037037
0 0.55 0.42407407407407405 0.06145833333333333 0.10925925925925926
8 0.7213541666666666 0.5546296296296296 0.13541666666666666 0.24074074074074073
6 0.6239583333333333 0.5722222222222222 0.1125 0.3
9 0.5229166666666667 0.5916666666666667 0.14270833333333333 0.2537037037037037
14 0.4161458333333333 0.6046296296296296 0.12083333333333333 0.34814814814814815
4 0.9609375 0.30092592592592593 0.0578125 0.0712962962962963
5 0.8947916666666667 0.3333333333333333 0.059375 0.10092592592592593
3 0.9786458333333333 0.35324074074074074 0.042708333333333334 0.09166666666666666
10 0.9197916666666667 0.41203703703703703 0.0640625 0.09351851851851851
0 0.9869791666666666 0.42407407407407405 0.026041666666666668 0.07962962962962963
8 0.8411458333333334 0.5546296296296296 0.1 0.2712962962962963
6 0.9385416666666667 0.5722222222222222 0.0953125 0.2851851851851852
14 0.03567708333333333 0.6041666666666666 0.07135416666666666 0.33240740740740743