4 0.6015625 0.30092592592592593 0.05 0.08888888888888889
5 0.6677083333333333 0.3333333333333333 0.06041666666666667 0.10925925925925926
3 0.5739583333333333 0.3537037037037037 0.06041666666666667 0.10740740740740741
7 0.4744791666666667 0.3768518518518518 0.075 0.13333333333333333
10 0.6427083333333333 0.41203703703703703 0.0625 0.1111111111111111
0 0.55 0.42407407407407405 0.0625 0.1111111111111111
8 0.7213541666666666 0.5546296296296296 0.10729166666666666 0.2796296296296296
6 0.6239583333333333 0.5722222222222222 0.13645833333333332 0.24259259259259258
9 0.5229166666666667 0.5916666666666667 0.11666666666666667 0.31851851851851853
14 0.4161458333333333 0.6046296296296296 0.121875 0.34814814814814815
4 0.9609375 0.30092592592592593 0.0578125 0.0712962962962963
5 0.8947916666666667 0.3333333333333333 0.059375 0.10092592592592593
3 0.9786458333333333 0.35324074074074074 0.042708333333333334 0.09166666666666666
10 0.9197916666666667 0.41203703703703703 0.0640625 0.09351851851851851
0 0.9869791666666666 0.42407407407407405 0.026041666666666668 0.07962962962962963
8 0.8411458333333334 0.5546296296296296 0.1 0.2712962962962963
6 0.9385416666666667 0.5722222222222222 0.0953125 0.2851851851851852
14 0.03567708333333333 0.6041666666666666 0.07135416666666666 0.33240740740740743