4 0.6015625 0.30092592592592593 0.0578125 0.0712962962962963
5 0.6677083333333333 0.3333333333333333 0.059375 0.10092592592592593
3 0.5739583333333333 0.3537037037037037 0.06197916666666667 0.09166666666666666
7 0.4744791666666667 0.37592592592592594 0.07864583333333333 0.10092592592592593
10 0.6427083333333333 0.41203703703703703 0.0640625 0.09351851851851851
0 0.55 0.42314814814814816 0.07708333333333334 0.07777777777777778
8 0.7213541666666666 0.5546296296296296 0.1 0.2712962962962963
6 0.6239583333333333 0.5722222222222222 0.0953125 0.2851851851851852
9 0.5223958333333333 0.5916666666666667 0.09895833333333333 0.30277777777777776
14 0.4161458333333333 0.6046296296296296 0.1 0.33425925925925926
4 0.9609375 0.30092592592592593 0.0578125 0.0712962962962963
5 0.8947916666666667 0.3333333333333333 0.059375 0.10092592592592593
3 0.9786458333333333 0.35324074074074074 0.042708333333333334 0.09166666666666666
10 0.9197916666666667 0.41203703703703703 0.0640625 0.09351851851851851
0 0.9869791666666666 0.42314814814814816 0.026041666666666668 0.07777777777777778
8 0.8411458333333334 0.5546296296296296 0.1 0.2712962962962963
6 0.9385416666666667 0.5722222222222222 0.0953125 0.2851851851851852
14 0.03567708333333333 0.6041666666666666 0.07135416666666666 0.33425925925925926