15 0.5411458333333333 0.2638888888888889 0.050520833333333334 0.08425925925925926
12 0.6005208333333333 0.26481481481481484 0.05520833333333333 0.0962962962962963
2 0.47552083333333334 0.26666666666666666 0.05 0.08425925925925926
7 0.42239583333333336 0.27685185185185185 0.05260416666666667 0.07962962962962963
5 0.66875 0.2916666666666667 0.05416666666666667 0.14629629629629629
0 0.48020833333333335 0.3351851851851852 0.04010416666666667 0.0712962962962963
4 0.4192708333333333 0.3388888888888889 0.06041666666666667 0.062037037037037036
9 0.5447916666666667 0.3416666666666667 0.05416666666666667 0.10555555555555556
8 0.6130208333333333 0.3685185185185185 0.06666666666666667 0.11481481481481481
10 0.48541666666666666 0.39444444444444443 0.0515625 0.09351851851851851
11 0.5463541666666667 0.4388888888888889 0.0578125 0.15555555555555556
6 0.4171875 0.4861111111111111 0.0578125 0.09814814814814815
14 0.48854166666666665 0.5055555555555555 0.06822916666666666 0.15
3 0.42135416666666664 0.5824074074074074 0.06458333333333334 0.14814814814814814
13 0.5989583333333334 0.6962962962962963 0.09479166666666666 0.2574074074074074
12 0.9619791666666667 0.26481481481481484 0.05520833333333333 0.0962962962962963
7 0.020572916666666666 0.27685185185185185 0.04114583333333333 0.07962962962962963
5 0.89375 0.2916666666666667 0.05416666666666667 0.14629629629629629
4 0.02421875 0.3384259259259259 0.0484375 0.062037037037037036
8 0.9494791666666667 0.3685185185185185 0.06666666666666667 0.11481481481481481
11 0.9934895833333334 0.4388888888888889 0.013020833333333334 0.15555555555555556
6 0.024479166666666666 0.4861111111111111 0.04895833333333333 0.09814814814814815
3 0.02421875 0.5824074074074074 0.0484375 0.14814814814814814
13 0.9580729166666667 0.6962962962962963 0.08385416666666666 0.2574074074074074