15 0.5411458333333333 0.2638888888888889 0.052083333333333336 0.09259259259259259
12 0.6005208333333333 0.26481481481481484 0.05625 0.1
2 0.47552083333333334 0.26666666666666666 0.053125 0.09259259259259259
7 0.42239583333333336 0.27685185185185185 0.053125 0.08148148148148149
5 0.66875 0.2916666666666667 0.07291666666666667 0.12962962962962962
0 0.48020833333333335 0.3351851851851852 0.040625 0.07222222222222222
4 0.4192708333333333 0.3388888888888889 0.06145833333333333 0.06481481481481481
9 0.5447916666666667 0.3416666666666667 0.05625 0.10925925925925926
8 0.6130208333333333 0.3685185185185185 0.07083333333333333 0.1259259259259259
10 0.48541666666666666 0.39444444444444443 0.057291666666666664 0.10185185185185185
11 0.5463541666666667 0.4388888888888889 0.058333333333333334 0.1574074074074074
6 0.4171875 0.4861111111111111 0.05625 0.1
14 0.48854166666666665 0.5055555555555555 0.08125 0.14444444444444443
3 0.42135416666666664 0.5833333333333334 0.07291666666666667 0.15925925925925927
13 0.5989583333333334 0.6972222222222222 0.09583333333333334 0.25925925925925924
12 0.9619791666666667 0.26481481481481484 0.05520833333333333 0.0962962962962963
7 0.020572916666666666 0.27685185185185185 0.04114583333333333 0.07962962962962963
5 0.89375 0.2916666666666667 0.05416666666666667 0.14629629629629629
4 0.02421875 0.3384259259259259 0.0484375 0.062037037037037036
8 0.9494791666666667 0.3685185185185185 0.06666666666666667 0.11481481481481481
11 0.9934895833333334 0.4388888888888889 0.013020833333333334 0.15555555555555556
6 0.024479166666666666 0.4861111111111111 0.04895833333333333 0.09814814814814815
3 0.02421875 0.5833333333333334 0.0484375 0.14814814814814814
13 0.9580729166666667 0.6972222222222222 0.08385416666666666 0.2574074074074074