15 0.5411458333333333 0.2638888888888889 0.051041666666666666 0.09074074074074075
12 0.6005208333333333 0.26481481481481484 0.057291666666666664 0.10185185185185185
2 0.47552083333333334 0.26666666666666666 0.053125 0.09259259259259259
7 0.42239583333333336 0.27685185185185185 0.057291666666666664 0.08888888888888889
5 0.66875 0.2916666666666667 0.06979166666666667 0.12407407407407407
0 0.48020833333333335 0.3351851851851852 0.03958333333333333 0.07037037037037037
4 0.4192708333333333 0.3388888888888889 0.06145833333333333 0.06851851851851852
9 0.5447916666666667 0.3416666666666667 0.058333333333333334 0.10555555555555556
8 0.6130208333333333 0.3685185185185185 0.06770833333333333 0.12037037037037036
10 0.48541666666666666 0.39444444444444443 0.05416666666666667 0.0962962962962963
11 0.5463541666666667 0.4388888888888889 0.06458333333333334 0.16296296296296298
6 0.4171875 0.4861111111111111 0.06145833333333333 0.10925925925925926
14 0.48854166666666665 0.5055555555555555 0.07083333333333333 0.15555555555555556
3 0.42135416666666664 0.5833333333333334 0.07395833333333333 0.13333333333333333
13 0.5989583333333334 0.6972222222222222 0.128125 0.22777777777777777
12 0.9619791666666667 0.26481481481481484 0.05520833333333333 0.0962962962962963
7 0.020572916666666666 0.27685185185185185 0.04114583333333333 0.07962962962962963
5 0.89375 0.2916666666666667 0.05416666666666667 0.14629629629629629
4 0.02421875 0.3384259259259259 0.0484375 0.062037037037037036
8 0.9494791666666667 0.3685185185185185 0.06666666666666667 0.11481481481481481
11 0.9934895833333334 0.4388888888888889 0.013020833333333334 0.15555555555555556
6 0.024479166666666666 0.4861111111111111 0.04895833333333333 0.09814814814814815
3 0.02421875 0.5833333333333334 0.0484375 0.14814814814814814
13 0.9580729166666667 0.6972222222222222 0.08385416666666666 0.2574074074074074