3 0.35 0.2824074074074074 0.11145833333333334 0.19814814814814816
13 0.44947916666666665 0.4824074074074074 0.12708333333333333 0.22592592592592592
14 0.3515625 0.7333333333333333 0.153125 0.3814814814814815
15 0.4421875 0.11944444444444445 0.08125 0.14444444444444443
6 0.5526041666666667 0.16944444444444445 0.09479166666666666 0.1685185185185185
1 0.6911458333333333 0.23425925925925925 0.09375 0.16666666666666666
3 0.0875 0.2824074074074074 0.07291666666666667 0.23055555555555557
13 0.0203125 0.4824074074074074 0.040625 0.25925925925925924
14 0.0859375 0.7333333333333333 0.13229166666666667 0.36018518518518516
15 0.011458333333333333 0.11944444444444445 0.022916666666666665 0.17592592592592593
6 0.98828125 0.16944444444444445 0.0234375 0.2074074074074074
1 0.8713541666666667 0.23425925925925925 0.0796875 0.18703703703703703