3 0.35 0.2824074074074074 0.10520833333333333 0.18518518518518517
13 0.44947916666666665 0.4824074074074074 0.128125 0.22777777777777777
14 0.35104166666666664 0.7324074074074074 0.178125 0.31666666666666665
15 0.4421875 0.11851851851851852 0.08333333333333333 0.14814814814814814
6 0.5526041666666667 0.16944444444444445 0.09270833333333334 0.1648148148148148
1 0.6911458333333333 0.23425925925925925 0.08125 0.18888888888888888
3 0.0875 0.2824074074074074 0.07291666666666667 0.23055555555555557
13 0.0203125 0.4824074074074074 0.040625 0.25925925925925924
14 0.08645833333333333 0.7324074074074074 0.13229166666666667 0.36018518518518516
15 0.011458333333333333 0.11851851851851852 0.022916666666666665 0.17592592592592593
6 0.98828125 0.16944444444444445 0.0234375 0.2074074074074074
1 0.8713541666666667 0.23425925925925925 0.0796875 0.18703703703703703