3 0.49895833333333334 0.4777777777777778 0.04583333333333333 0.08148148148148149
8 0.5401041666666667 0.5222222222222223 0.05 0.08888888888888889
14 0.46145833333333336 0.5333333333333333 0.04895833333333333 0.08703703703703704
6 0.5786458333333333 0.5555555555555556 0.046875 0.08333333333333333
10 0.42135416666666664 0.5592592592592592 0.04791666666666667 0.08518518518518518
1 0.621875 0.6129629629629629 0.071875 0.08148148148148149
4 0.37552083333333336 0.6203703703703703 0.078125 0.11296296296296296
15 0.5427083333333333 0.6259259259259259 0.058333333333333334 0.1037037037037037
9 0.45625 0.6324074074074074 0.053125 0.09444444444444444
11 0.6833333333333333 0.7314814814814815 0.08958333333333333 0.2851851851851852
5 0.32447916666666665 0.7453703703703703 0.128125 0.22777777777777777
7 0.59375 0.7453703703703703 0.12708333333333333 0.22592592592592592
2 0.41354166666666664 0.75 0.10416666666666667 0.28888888888888886
12 0.5026041666666666 0.7555555555555555 0.12604166666666666 0.22407407407407406
6 0.9799479166666667 0.5550925925925926 0.04010416666666667 0.075
10 0.019791666666666666 0.5592592592592592 0.03958333333333333 0.07592592592592592
1 0.940625 0.6129629629629629 0.071875 0.07962962962962963
4 0.06197916666666667 0.6203703703703703 0.07291666666666667 0.10092592592592593
11 0.8791666666666667 0.7314814814814815 0.08229166666666667 0.2796296296296296
5 0.11302083333333333 0.7453703703703703 0.0921875 0.26666666666666666
7 0.9606770833333333 0.7453703703703703 0.07864583333333333 0.2574074074074074
2 0.034375 0.75 0.06875 0.2759259259259259