3 0.49895833333333334 0.4777777777777778 0.046875 0.09259259259259259
8 0.5401041666666667 0.5212962962962963 0.04895833333333333 0.08333333333333333
14 0.4609375 0.5324074074074074 0.046875 0.08333333333333333
6 0.5786458333333333 0.5555555555555556 0.04791666666666667 0.08518518518518518
10 0.42135416666666664 0.5592592592592592 0.04895833333333333 0.08703703703703704
1 0.621875 0.6129629629629629 0.07395833333333333 0.08703703703703704
4 0.37552083333333336 0.6203703703703703 0.07604166666666666 0.10740740740740741
15 0.5427083333333333 0.6259259259259259 0.05625 0.1
9 0.4557291666666667 0.6324074074074074 0.051041666666666666 0.09074074074074075
11 0.6838541666666667 0.7314814814814815 0.12708333333333333 0.22592592592592592
5 0.32395833333333335 0.7453703703703703 0.121875 0.21666666666666667
7 0.59375 0.7453703703703703 0.12708333333333333 0.22592592592592592
2 0.41354166666666664 0.75 0.125 0.2222222222222222
12 0.5026041666666666 0.7555555555555555 0.12291666666666666 0.21851851851851853
6 0.9799479166666667 0.5550925925925926 0.04010416666666667 0.075
10 0.019791666666666666 0.5592592592592592 0.03958333333333333 0.07592592592592592
1 0.940625 0.6129629629629629 0.071875 0.07962962962962963
4 0.06197916666666667 0.6203703703703703 0.07291666666666667 0.10092592592592593
11 0.8786458333333333 0.7314814814814815 0.08125 0.2796296296296296
5 0.11354166666666667 0.7453703703703703 0.0921875 0.26666666666666666
7 0.9606770833333333 0.7453703703703703 0.07864583333333333 0.2574074074074074
2 0.034375 0.75 0.06875 0.2759259259259259