2 0.4270833333333333 0.2537037037037037 0.06666666666666667 0.11851851851851852
11 0.4583333333333333 0.26481481481481484 0.08020833333333334 0.1425925925925926
1 0.5515625 0.2861111111111111 0.03229166666666667 0.2074074074074074
14 0.5057291666666667 0.31574074074074077 0.0875 0.15555555555555556
13 0.384375 0.7083333333333334 0.125 0.22407407407407406
2 0.36666666666666664 0.18333333333333332 0.06354166666666666 0.11296296296296296
6 0.578125 0.23981481481481481 0.046875 0.17222222222222222
2 0.011458333333333333 0.2537037037037037 0.022916666666666665 0.17592592592592593
13 0.053125 0.7083333333333334 0.10625 0.2574074074074074
2 0.07083333333333333 0.18333333333333332 0.028645833333333332 0.1638888888888889
6 0.98203125 0.23981481481481481 0.0359375 0.1685185185185185