2 0.4270833333333333 0.2537037037037037 0.030208333333333334 0.17777777777777778
11 0.4583333333333333 0.26481481481481484 0.08020833333333334 0.1425925925925926
1 0.5515625 0.2861111111111111 0.07604166666666666 0.13518518518518519
14 0.5057291666666667 0.31574074074074077 0.07395833333333333 0.20555555555555555
13 0.384375 0.7083333333333334 0.134375 0.2388888888888889
2 0.36666666666666664 0.18333333333333332 0.040625 0.16666666666666666
6 0.578125 0.23981481481481481 0.06979166666666667 0.12407407407407407
2 0.011458333333333333 0.2537037037037037 0.022916666666666665 0.17592592592592593
13 0.053125 0.7083333333333334 0.10625 0.2574074074074074
2 0.07083333333333333 0.18333333333333332 0.028645833333333332 0.1638888888888889
6 0.98203125 0.23981481481481481 0.0359375 0.1685185185185185