2 0.4270833333333333 0.2537037037037037 0.025 0.17592592592592593
11 0.4588541666666667 0.2657407407407407 0.0515625 0.17592592592592593
1 0.5515625 0.2851851851851852 0.03125 0.20925925925925926
14 0.5057291666666667 0.31574074074074077 0.06145833333333333 0.19444444444444445
13 0.384375 0.7083333333333334 0.10625 0.2574074074074074
2 0.36666666666666664 0.18333333333333332 0.028645833333333332 0.1638888888888889
6 0.578125 0.23981481481481481 0.04010416666666667 0.1685185185185185
2 0.011458333333333333 0.2537037037037037 0.022916666666666665 0.17592592592592593
13 0.053125 0.7083333333333334 0.10625 0.2574074074074074
2 0.07083333333333333 0.18333333333333332 0.028645833333333332 0.1638888888888889
6 0.98203125 0.23981481481481481 0.0359375 0.1685185185185185