3 0.4328125 0.2518518518518518 0.10625 0.19074074074074074
12 0.340625 0.39444444444444443 0.1125 0.20185185185185187
2 0.73125 0.5361111111111111 0.10520833333333333 0.3296296296296296
15 0.4942708333333333 0.5666666666666667 0.13854166666666667 0.2462962962962963
0 0.6151041666666667 0.11851851851851852 0.042708333333333334 0.16666666666666666
1 0.6072916666666667 0.125 0.075 0.13148148148148148
0 0.721875 0.2351851851851852 0.09166666666666666 0.16296296296296298
3 0.02109375 0.2513888888888889 0.0421875 0.21944444444444444
12 0.096875 0.39444444444444443 0.07864583333333333 0.23055555555555557
2 0.83125 0.5361111111111111 0.09895833333333333 0.32314814814814813
0 0.9473958333333333 0.11851851851851852 0.036458333333333336 0.1638888888888889
1 0.9552083333333333 0.125 0.05 0.1685185185185185
0 0.840625 0.2351851851851852 0.059375 0.2