3 0.4328125 0.2518518518518518 0.10208333333333333 0.18333333333333332
12 0.3411458333333333 0.39444444444444443 0.08125 0.23333333333333334
2 0.73125 0.5361111111111111 0.14375 0.25555555555555554
15 0.4942708333333333 0.5666666666666667 0.13541666666666666 0.24259259259259258
0 0.6151041666666667 0.11944444444444445 0.06770833333333333 0.12037037037037036
1 0.6072916666666667 0.125 0.07916666666666666 0.14074074074074075
0 0.721875 0.2351851851851852 0.0875 0.15555555555555556
3 0.02109375 0.2513888888888889 0.0421875 0.21944444444444444
12 0.09635416666666667 0.39444444444444443 0.078125 0.23055555555555557
2 0.83125 0.5361111111111111 0.09895833333333333 0.32314814814814813
0 0.9473958333333333 0.11944444444444445 0.036458333333333336 0.1638888888888889
1 0.9552083333333333 0.125 0.05 0.1685185185185185
0 0.840625 0.2351851851851852 0.059375 0.2