3 0.4328125 0.2518518518518518 0.10208333333333333 0.18333333333333332
12 0.340625 0.39444444444444443 0.10833333333333334 0.1925925925925926
2 0.73125 0.5361111111111111 0.14583333333333334 0.2574074074074074
15 0.4942708333333333 0.5666666666666667 0.14270833333333333 0.2537037037037037
0 0.6151041666666667 0.11851851851851852 0.040625 0.1648148148148148
1 0.6072916666666667 0.125 0.075 0.13148148148148148
0 0.721875 0.2351851851851852 0.06458333333333334 0.2037037037037037
3 0.02109375 0.2513888888888889 0.0421875 0.21944444444444444
12 0.096875 0.39444444444444443 0.07864583333333333 0.23055555555555557
2 0.83125 0.5361111111111111 0.09895833333333333 0.32314814814814813
0 0.9473958333333333 0.11851851851851852 0.036458333333333336 0.1638888888888889
1 0.9552083333333333 0.125 0.05 0.1685185185185185
0 0.840625 0.2351851851851852 0.059375 0.2