3 0.4328125 0.2518518518518518 0.109375 0.1962962962962963
12 0.3411458333333333 0.39444444444444443 0.109375 0.19444444444444445
2 0.73125 0.5361111111111111 0.15416666666666667 0.2740740740740741
15 0.4942708333333333 0.5666666666666667 0.12395833333333334 0.3111111111111111
0 0.6151041666666667 0.11944444444444445 0.065625 0.11481481481481481
1 0.6072916666666667 0.125 0.053125 0.17222222222222222
0 0.721875 0.2351851851851852 0.09375 0.16666666666666666
3 0.02109375 0.2513888888888889 0.0421875 0.21944444444444444
12 0.09635416666666667 0.39444444444444443 0.078125 0.23055555555555557
2 0.83125 0.5361111111111111 0.09895833333333333 0.32314814814814813
0 0.9473958333333333 0.11944444444444445 0.036458333333333336 0.1638888888888889
1 0.9552083333333333 0.125 0.05 0.1685185185185185
0 0.840625 0.2351851851851852 0.059375 0.2