8 0.33489583333333334 0.2657407407407407 0.09479166666666666 0.17037037037037037
15 0.5463541666666667 0.26944444444444443 0.084375 0.2074074074074074
3 0.246875 0.3148148148148148 0.058333333333333334 0.26481481481481484
11 0.40989583333333335 0.337037037037037 0.10104166666666667 0.23333333333333334
12 0.6614583333333334 0.4648148148148148 0.14583333333333334 0.3314814814814815
14 0.34427083333333336 0.5555555555555556 0.18958333333333333 0.337037037037037
8 0.10260416666666666 0.2657407407407407 0.06927083333333334 0.19166666666666668
15 0.9901041666666667 0.26944444444444443 0.019791666666666666 0.19444444444444445
3 0.190625 0.3148148148148148 0.05416666666666667 0.2638888888888889
11 0.035416666666666666 0.337037037037037 0.07083333333333333 0.21851851851851853
12 0.9010416666666666 0.4648148148148148 0.1296875 0.31203703703703706
14 0.09322916666666667 0.5555555555555556 0.13229166666666667 0.375