8 0.33489583333333334 0.2657407407407407 0.09166666666666666 0.1648148148148148
15 0.5463541666666667 0.26944444444444443 0.08125 0.20555555555555555
3 0.246875 0.3148148148148148 0.10520833333333333 0.18703703703703703
11 0.40989583333333335 0.337037037037037 0.08645833333333333 0.21851851851851853
12 0.6614583333333334 0.4648148148148148 0.14375 0.3277777777777778
14 0.34427083333333336 0.5555555555555556 0.1875 0.3333333333333333
8 0.10260416666666666 0.2657407407407407 0.06927083333333334 0.19166666666666668
15 0.9901041666666667 0.26944444444444443 0.019791666666666666 0.19444444444444445
3 0.190625 0.3148148148148148 0.05416666666666667 0.2638888888888889
11 0.035416666666666666 0.337037037037037 0.07083333333333333 0.21851851851851853
12 0.9010416666666666 0.4648148148148148 0.1296875 0.31203703703703706
14 0.09322916666666667 0.5555555555555556 0.13229166666666667 0.375