8 0.33489583333333334 0.2657407407407407 0.09166666666666666 0.16296296296296298
15 0.5463541666666667 0.26944444444444443 0.078125 0.20185185185185187
3 0.246875 0.3148148148148148 0.1125 0.2
11 0.40989583333333335 0.337037037037037 0.09166666666666666 0.22407407407407406
12 0.6614583333333334 0.4648148148148148 0.16145833333333334 0.28703703703703703
14 0.34479166666666666 0.5564814814814815 0.18854166666666666 0.3351851851851852
8 0.10260416666666666 0.2657407407407407 0.06927083333333334 0.19166666666666668
15 0.9901041666666667 0.26944444444444443 0.019791666666666666 0.19444444444444445
3 0.190625 0.3148148148148148 0.05416666666666667 0.2638888888888889
11 0.035416666666666666 0.337037037037037 0.07083333333333333 0.21851851851851853
12 0.9010416666666666 0.4648148148148148 0.1296875 0.31203703703703706
14 0.09270833333333334 0.5564814814814815 0.13229166666666667 0.3731481481481482