4 0.40625 0.0412037037037037 0.059375 0.0824074074074074
8 0.5416666666666666 0.3851851851851852 0.12708333333333333 0.22592592592592592
6 0.6645833333333333 0.662962962962963 0.14791666666666667 0.26296296296296295
14 0.5515625 0.6648148148148149 0.15104166666666666 0.26851851851851855
2 0.334375 0.6685185185185185 0.11145833333333334 0.31666666666666665
13 0.44375 0.6694444444444444 0.1625 0.28888888888888886
11 0.5049479166666667 0.07777777777777778 0.09114583333333333 0.15555555555555556
2 0.325 0.09814814814814815 0.096875 0.17222222222222222
12 0.5981770833333333 0.11944444444444445 0.1046875 0.2388888888888889
10 0.396875 0.1648148148148148 0.1125 0.2
4 0.03515625 0.02962962962962963 0.0703125 0.05925925925925926
8 0.984375 0.38472222222222224 0.03125 0.262037037037037
6 0.8979166666666667 0.662962962962963 0.1078125 0.3296296296296296
14 0.9783854166666667 0.6648148148148149 0.043229166666666666 0.3296296296296296
2 0.103125 0.6685185185185185 0.11041666666666666 0.3148148148148148
13 0.02421875 0.6694444444444444 0.0484375 0.3296296296296296
2 0.1125 0.09814814814814815 0.0703125 0.18981481481481483
12 0.9596354166666666 0.11574074074074074 0.08072916666666667 0.23148148148148148
10 0.0421875 0.1648148148148148 0.084375 0.2351851851851852