4 0.40625 0.04212962962962963 0.06145833333333333 0.08425925925925926
8 0.5416666666666666 0.3851851851851852 0.109375 0.26851851851851855
6 0.6640625 0.662962962962963 0.16145833333333334 0.2851851851851852
14 0.5520833333333334 0.6648148148148149 0.146875 0.2611111111111111
2 0.334375 0.6685185185185185 0.153125 0.2722222222222222
13 0.44375 0.6694444444444444 0.15416666666666667 0.2722222222222222
11 0.5052083333333334 0.075 0.08333333333333333 0.15
2 0.325 0.09814814814814815 0.096875 0.17222222222222222
12 0.5984375 0.11574074074074074 0.121875 0.21666666666666667
10 0.396875 0.1648148148148148 0.09583333333333334 0.24444444444444444
4 0.03515625 0.02962962962962963 0.0703125 0.05925925925925926
8 0.984375 0.38472222222222224 0.03125 0.262037037037037
6 0.8984375 0.662962962962963 0.1078125 0.3296296296296296
14 0.978125 0.6648148148148149 0.04375 0.3296296296296296
2 0.103125 0.6685185185185185 0.11041666666666666 0.3148148148148148
13 0.02421875 0.6694444444444444 0.0484375 0.3296296296296296
2 0.1125 0.09814814814814815 0.0703125 0.18981481481481483
12 0.9596354166666666 0.11574074074074074 0.08072916666666667 0.23148148148148148
10 0.0421875 0.1648148148148148 0.084375 0.2351851851851852