4 0.40651041666666665 0.04027777777777778 0.0578125 0.08055555555555556
8 0.5416666666666666 0.3851851851851852 0.13541666666666666 0.24074074074074073
6 0.6640625 0.662962962962963 0.109375 0.3314814814814815
14 0.5520833333333334 0.6648148148148149 0.109375 0.3314814814814815
2 0.334375 0.6685185185185185 0.11875 0.32407407407407407
13 0.44375 0.6694444444444444 0.15416666666666667 0.2740740740740741
11 0.5049479166666667 0.07731481481481481 0.08802083333333334 0.15462962962962962
2 0.325 0.09814814814814815 0.090625 0.16111111111111112
12 0.5981770833333333 0.1175925925925926 0.09739583333333333 0.2351851851851852
10 0.396875 0.1648148148148148 0.11458333333333333 0.2037037037037037
4 0.03515625 0.02962962962962963 0.0703125 0.05925925925925926
8 0.984375 0.38472222222222224 0.03125 0.262037037037037
6 0.8984375 0.662962962962963 0.1078125 0.3296296296296296
14 0.978125 0.6648148148148149 0.04375 0.3296296296296296
2 0.103125 0.6685185185185185 0.11041666666666666 0.3148148148148148
13 0.02421875 0.6694444444444444 0.0484375 0.3296296296296296
2 0.1125 0.09814814814814815 0.0703125 0.18981481481481483
12 0.9596354166666666 0.11574074074074074 0.08072916666666667 0.23148148148148148
10 0.0421875 0.1648148148148148 0.084375 0.2351851851851852