4 0.40625 0.04027777777777778 0.058333333333333334 0.08055555555555556
8 0.5416666666666666 0.3851851851851852 0.10833333333333334 0.26666666666666666
6 0.6645833333333333 0.662962962962963 0.146875 0.2611111111111111
14 0.5520833333333334 0.6648148148148149 0.121875 0.3425925925925926
2 0.334375 0.6685185185185185 0.14479166666666668 0.2574074074074074
13 0.44375 0.6694444444444444 0.15416666666666667 0.2722222222222222
11 0.5052083333333334 0.07592592592592592 0.084375 0.15185185185185185
2 0.325 0.09814814814814815 0.09375 0.1685185185185185
12 0.5984375 0.11574074074074074 0.11979166666666667 0.21296296296296297
10 0.396875 0.1648148148148148 0.11354166666666667 0.20185185185185187
4 0.03515625 0.02962962962962963 0.0703125 0.05925925925925926
8 0.984375 0.38472222222222224 0.03125 0.262037037037037
6 0.8979166666666667 0.662962962962963 0.1078125 0.3296296296296296
14 0.978125 0.6648148148148149 0.04375 0.3296296296296296
2 0.103125 0.6685185185185185 0.11041666666666666 0.3148148148148148
13 0.02421875 0.6694444444444444 0.0484375 0.3296296296296296
2 0.1125 0.09814814814814815 0.0703125 0.18981481481481483
12 0.9596354166666666 0.11574074074074074 0.08072916666666667 0.23148148148148148
10 0.0421875 0.1648148148148148 0.084375 0.2351851851851852