4 0.40625 0.03981481481481482 0.057291666666666664 0.07962962962962963
8 0.5416666666666666 0.3851851851851852 0.11875 0.2796296296296296
6 0.6645833333333333 0.662962962962963 0.159375 0.2833333333333333
14 0.5520833333333334 0.6648148148148149 0.16354166666666667 0.29074074074074074
2 0.334375 0.6685185185185185 0.11145833333333334 0.31666666666666665
13 0.44375 0.6694444444444444 0.11979166666666667 0.3388888888888889
11 0.5052083333333334 0.07546296296296297 0.08541666666666667 0.15092592592592594
2 0.325 0.09814814814814815 0.09479166666666666 0.17037037037037037
12 0.5984375 0.11574074074074074 0.11041666666666666 0.1962962962962963
10 0.396875 0.1648148148148148 0.11770833333333333 0.20925925925925926
4 0.03515625 0.02962962962962963 0.0703125 0.05925925925925926
8 0.984375 0.38472222222222224 0.03125 0.262037037037037
6 0.8979166666666667 0.662962962962963 0.1078125 0.3296296296296296
14 0.978125 0.6648148148148149 0.04375 0.3296296296296296
2 0.103125 0.6685185185185185 0.11041666666666666 0.3148148148148148
13 0.02421875 0.6694444444444444 0.0484375 0.3296296296296296
2 0.1125 0.09814814814814815 0.0703125 0.18981481481481483
12 0.9596354166666666 0.11574074074074074 0.08072916666666667 0.23148148148148148
10 0.0421875 0.1648148148148148 0.084375 0.2351851851851852