8 0.5828125 0.25277777777777777 0.065625 0.11666666666666667
6 0.6765625 0.26481481481481484 0.06145833333333333 0.10925925925925926
3 0.46041666666666664 0.3037037037037037 0.058333333333333334 0.1037037037037037
2 0.36770833333333336 0.31296296296296294 0.06875 0.12222222222222222
12 0.5453125 0.31296296296296294 0.057291666666666664 0.1
9 0.6348958333333333 0.31851851851851853 0.053125 0.09444444444444444
0 0.5036458333333333 0.36944444444444446 0.06041666666666667 0.10925925925925926
15 0.5942708333333333 0.38055555555555554 0.06458333333333334 0.1388888888888889
5 0.41041666666666665 0.38055555555555554 0.06979166666666667 0.12407407407407407
14 0.46041666666666664 0.43425925925925923 0.06875 0.12222222222222222
10 0.5583333333333333 0.4537037037037037 0.0625 0.1111111111111111
7 0.5078125 0.5111111111111111 0.06875 0.13518518518518519
13 0.384375 0.7398148148148148 0.14166666666666666 0.2537037037037037
1 0.503125 0.21481481481481482 0.04791666666666667 0.08518518518518518
4 0.32864583333333336 0.23333333333333334 0.07291666666666667 0.12962962962962962
11 0.4203125 0.23796296296296296 0.057291666666666664 0.10185185185185185
8 0.9736979166666667 0.2523148148148148 0.05260416666666667 0.10277777777777777
6 0.8859375 0.26481481481481484 0.050520833333333334 0.125
2 0.06979166666666667 0.31296296296296294 0.06458333333333334 0.11018518518518519
9 0.9276041666666667 0.31851851851851853 0.04791666666666667 0.09351851851851851
15 0.96796875 0.38055555555555554 0.0640625 0.13703703703703704
5 0.029427083333333333 0.38055555555555554 0.058854166666666666 0.11481481481481481
10 0.9895833333333334 0.4532407407407407 0.020833333333333332 0.11388888888888889
13 0.053125 0.7398148148148148 0.10520833333333333 0.2759259259259259
4 0.10885416666666667 0.23333333333333334 0.06197916666666667 0.13240740740740742
11 0.023697916666666666 0.2375 0.04739583333333333 0.0824074074074074