8 0.5828125 0.25277777777777777 0.065625 0.11666666666666667
6 0.6765625 0.26481481481481484 0.05416666666666667 0.12962962962962962
3 0.46041666666666664 0.30277777777777776 0.058333333333333334 0.10185185185185185
2 0.36770833333333336 0.31296296296296294 0.06979166666666667 0.12407407407407407
12 0.5453125 0.31203703703703706 0.057291666666666664 0.10185185185185185
9 0.634375 0.31851851851851853 0.053125 0.09444444444444444
0 0.5036458333333333 0.36944444444444446 0.059375 0.10555555555555556
15 0.5942708333333333 0.38055555555555554 0.07708333333333334 0.13518518518518519
5 0.41041666666666665 0.38055555555555554 0.06979166666666667 0.12407407407407407
14 0.46041666666666664 0.43425925925925923 0.07395833333333333 0.13148148148148148
10 0.5578125 0.4527777777777778 0.052083333333333336 0.11666666666666667
7 0.5078125 0.5111111111111111 0.078125 0.13703703703703704
13 0.384375 0.7388888888888889 0.13229166666666667 0.2351851851851852
1 0.503125 0.21481481481481482 0.04583333333333333 0.08148148148148149
4 0.32864583333333336 0.2324074074074074 0.06979166666666667 0.12222222222222222
11 0.4197916666666667 0.23796296296296296 0.06041666666666667 0.10555555555555556
8 0.9736979166666667 0.2523148148148148 0.05260416666666667 0.10277777777777777
6 0.8859375 0.26481481481481484 0.050520833333333334 0.125
2 0.06979166666666667 0.31296296296296294 0.06458333333333334 0.11018518518518519
9 0.928125 0.31851851851851853 0.04791666666666667 0.09351851851851851
15 0.96796875 0.38055555555555554 0.0640625 0.13703703703703704
5 0.029427083333333333 0.38055555555555554 0.058854166666666666 0.11481481481481481
10 0.98984375 0.45231481481481484 0.0203125 0.11388888888888889
13 0.053125 0.7388888888888889 0.10520833333333333 0.2777777777777778
4 0.10885416666666667 0.2324074074074074 0.06197916666666667 0.13425925925925927
11 0.02421875 0.2375 0.0484375 0.0824074074074074