2 0.37916666666666665 0.27314814814814814 0.14791666666666667 0.20925925925925926
7 0.4984375 0.3037037037037037 0.071875 0.1259259259259259
8 0.60625 0.3138888888888889 0.10625 0.11296296296296296
3 0.7161458333333334 0.31851851851851853 0.10416666666666667 0.11851851851851852
4 0.6791666666666667 0.3925925925925926 0.10104166666666667 0.1388888888888889
9 0.5635416666666667 0.4 0.09270833333333334 0.15925925925925927
12 0.30885416666666665 0.40185185185185185 0.09895833333333333 0.17592592592592593
0 0.44947916666666665 0.43148148148148147 0.096875 0.17222222222222222
14 0.3567708333333333 0.5175925925925926 0.13333333333333333 0.23703703703703705
10 0.6369791666666667 0.5222222222222223 0.11666666666666667 0.2074074074074074
13 0.5682291666666667 0.65 0.15520833333333334 0.21851851851851853
11 0.41458333333333336 0.6648148148148149 0.1375 0.24444444444444444
6 0.49453125 0.8393518518518519 0.20052083333333334 0.3212962962962963
2 0.06432291666666666 0.2726851851851852 0.12864583333333332 0.18981481481481483
8 0.9518229166666666 0.3138888888888889 0.09635416666666667 0.10925925925925926
3 0.8463541666666666 0.31851851851851853 0.1 0.10555555555555556
4 0.8833333333333333 0.3925925925925926 0.09479166666666666 0.12314814814814815
9 0.9763020833333333 0.4 0.04739583333333333 0.15555555555555556
12 0.12864583333333332 0.40185185185185185 0.12291666666666666 0.11944444444444445
0 0.019270833333333334 0.4310185185185185 0.03854166666666667 0.15092592592592594
14 0.08072916666666667 0.5175925925925926 0.15520833333333334 0.1638888888888889
10 0.9255208333333333 0.5222222222222223 0.1125 0.17962962962962964
13 0.9588541666666667 0.65 0.08229166666666667 0.21481481481481482
11 0.052083333333333336 0.6648148148148149 0.10416666666666667 0.1962962962962963
6 0.023177083333333334 0.8592592592592593 0.04635416666666667 0.2796296296296296