2 0.37916666666666665 0.27314814814814814 0.128125 0.22777777777777777
7 0.4984375 0.3037037037037037 0.078125 0.10740740740740741
8 0.60625 0.3148148148148148 0.0875 0.15555555555555556
3 0.7161458333333334 0.31851851851851853 0.08854166666666667 0.15555555555555556
4 0.6791666666666667 0.3925925925925926 0.0875 0.15555555555555556
9 0.5635416666666667 0.4 0.096875 0.1648148148148148
12 0.30885416666666665 0.40185185185185185 0.09583333333333334 0.17037037037037037
0 0.44947916666666665 0.43148148148148147 0.10208333333333333 0.1537037037037037
14 0.3567708333333333 0.5175925925925926 0.13333333333333333 0.23703703703703705
10 0.6369791666666667 0.5222222222222223 0.10729166666666666 0.19074074074074074
13 0.5682291666666667 0.65 0.1375 0.2462962962962963
11 0.41510416666666666 0.6648148148148149 0.14895833333333333 0.26481481481481484
6 0.4942708333333333 0.8472222222222222 0.184375 0.3055555555555556
2 0.06432291666666666 0.2726851851851852 0.12864583333333332 0.18981481481481483
8 0.9518229166666666 0.3148148148148148 0.09635416666666667 0.10740740740740741
3 0.8463541666666666 0.31851851851851853 0.1 0.10555555555555556
4 0.8833333333333333 0.3925925925925926 0.09479166666666666 0.12314814814814815
9 0.9763020833333333 0.4 0.04739583333333333 0.15555555555555556
12 0.12864583333333332 0.40185185185185185 0.12291666666666666 0.11944444444444445
0 0.019270833333333334 0.4310185185185185 0.03854166666666667 0.15092592592592594
14 0.08072916666666667 0.5175925925925926 0.15520833333333334 0.1638888888888889
10 0.9255208333333333 0.5222222222222223 0.1125 0.17962962962962964
13 0.9588541666666667 0.65 0.08229166666666667 0.21481481481481482
11 0.05182291666666667 0.6648148148148149 0.10364583333333334 0.1962962962962963
6 0.023177083333333334 0.8592592592592593 0.04635416666666667 0.2796296296296296