14 0.5833333333333334 0.537962962962963 0.04791666666666667 0.12777777777777777
12 0.4088541666666667 0.575 0.07083333333333333 0.1259259259259259
0 0.6760416666666667 0.6018518518518519 0.08020833333333334 0.1425925925925926
13 0.48333333333333334 0.6435185185185185 0.07604166666666666 0.19074074074074074
11 0.2942708333333333 0.6925925925925925 0.09166666666666666 0.2222222222222222
10 0.36302083333333335 0.799074074074074 0.13854166666666667 0.2462962962962963
14 0.9791666666666666 0.537962962962963 0.04010416666666667 0.11944444444444445
12 0.028645833333333332 0.575 0.04479166666666667 0.15
0 0.8864583333333333 0.6018518518518519 0.05520833333333333 0.17314814814814813
11 0.14322916666666666 0.6925925925925925 0.08229166666666667 0.2101851851851852
10 0.07447916666666667 0.799074074074074 0.11666666666666667 0.2796296296296296