14 0.5833333333333334 0.5370370370370371 0.058333333333333334 0.1037037037037037
12 0.4083333333333333 0.575 0.06666666666666667 0.12037037037037036
0 0.6760416666666667 0.6018518518518519 0.07916666666666666 0.1388888888888889
13 0.48333333333333334 0.6435185185185185 0.08958333333333333 0.16111111111111112
11 0.2942708333333333 0.6916666666666667 0.10104166666666667 0.1814814814814815
10 0.36302083333333335 0.799074074074074 0.12708333333333333 0.29259259259259257
14 0.9791666666666666 0.5370370370370371 0.04010416666666667 0.11944444444444445
12 0.029166666666666667 0.575 0.04479166666666667 0.15
0 0.8864583333333333 0.6018518518518519 0.05520833333333333 0.17314814814814813
11 0.14322916666666666 0.6916666666666667 0.08229166666666667 0.2101851851851852
10 0.07447916666666667 0.799074074074074 0.11666666666666667 0.2796296296296296