14 0.5833333333333334 0.5370370370370371 0.058333333333333334 0.1037037037037037
12 0.4083333333333333 0.575 0.065625 0.11666666666666667
0 0.6755208333333333 0.6018518518518519 0.08020833333333334 0.1425925925925926
13 0.48333333333333334 0.6435185185185185 0.07291666666666667 0.18888888888888888
11 0.2942708333333333 0.6916666666666667 0.08229166666666667 0.20925925925925926
10 0.36302083333333335 0.799074074074074 0.14270833333333333 0.2537037037037037
14 0.9791666666666666 0.5370370370370371 0.04010416666666667 0.11944444444444445
12 0.029166666666666667 0.575 0.04479166666666667 0.15
0 0.8869791666666667 0.6018518518518519 0.05625 0.17314814814814813
11 0.14322916666666666 0.6916666666666667 0.08229166666666667 0.2101851851851852
10 0.07447916666666667 0.799074074074074 0.11666666666666667 0.2796296296296296