14 0.5833333333333334 0.5370370370370371 0.040625 0.11851851851851852
12 0.4083333333333333 0.575 0.06875 0.12037037037037036
0 0.6760416666666667 0.6018518518518519 0.084375 0.14814814814814814
13 0.48333333333333334 0.6435185185185185 0.06979166666666667 0.18518518518518517
11 0.2942708333333333 0.6916666666666667 0.09270833333333334 0.22037037037037038
10 0.36302083333333335 0.799074074074074 0.134375 0.3
14 0.9791666666666666 0.5370370370370371 0.04010416666666667 0.11944444444444445
12 0.029166666666666667 0.575 0.04479166666666667 0.15
0 0.8864583333333333 0.6018518518518519 0.05520833333333333 0.17314814814814813
11 0.14322916666666666 0.6916666666666667 0.08229166666666667 0.2101851851851852
10 0.07447916666666667 0.799074074074074 0.11666666666666667 0.2796296296296296