11 0.31145833333333334 0.41759259259259257 0.09375 0.16666666666666666
4 0.3723958333333333 0.42962962962962964 0.06041666666666667 0.1574074074074074
5 0.25104166666666666 0.4685185185185185 0.1 0.17777777777777778
9 0.6307291666666667 0.46944444444444444 0.06041666666666667 0.10740740740740741
13 0.5229166666666667 0.5092592592592593 0.08020833333333334 0.1425925925925926
3 0.6697916666666667 0.5277777777777778 0.07708333333333334 0.13703703703703704
8 0.44114583333333335 0.5712962962962963 0.084375 0.15
2 0.6020833333333333 0.6212962962962963 0.103125 0.18333333333333332
10 0.378125 0.6296296296296297 0.10729166666666666 0.19074074074074074
12 0.7119791666666667 0.7592592592592593 0.09166666666666666 0.2537037037037037
11 0.12604166666666666 0.41759259259259257 0.06197916666666667 0.20092592592592592
4 0.06510416666666667 0.42962962962962964 0.05260416666666667 0.15
5 0.18645833333333334 0.4685185185185185 0.059375 0.21851851851851853
9 0.9317708333333333 0.46944444444444444 0.04010416666666667 0.13240740740740742
3 0.8927083333333333 0.5277777777777778 0.0515625 0.15925925925925927
8 0.010677083333333334 0.5712962962962963 0.021354166666666667 0.20925925925925926
2 0.9604166666666667 0.6212962962962963 0.07291666666666667 0.2
10 0.059375 0.6296296296296297 0.08854166666666667 0.21203703703703702
12 0.8505208333333333 0.7592592592592593 0.08125 0.24444444444444444