0 0.6067708333333334 0.25092592592592594 0.078125 0.1388888888888889
14 0.725 0.25277777777777777 0.0875 0.15555555555555556
2 0.4984375 0.2712962962962963 0.075 0.13333333333333333
7 0.2942708333333333 0.2722222222222222 0.11041666666666666 0.10185185185185185
4 0.39947916666666666 0.275 0.08645833333333333 0.12037037037037036
6 0.5635416666666667 0.35 0.08229166666666667 0.14629629629629629
9 0.6958333333333333 0.3527777777777778 0.115625 0.11851851851851852
10 0.4484375 0.3592592592592593 0.0875 0.15555555555555556
15 0.31927083333333334 0.37592592592592594 0.13541666666666666 0.13333333333333333
11 0.5109375 0.44074074074074077 0.09479166666666666 0.1685185185185185
5 0.6546875 0.462037037037037 0.11666666666666667 0.2074074074074074
3 0.3723958333333333 0.475 0.1125 0.2
13 0.5109375 0.5814814814814815 0.17291666666666666 0.3074074074074074
12 0.6291666666666667 0.6129629629629629 0.08333333333333333 0.14814814814814814
8 0.3958333333333333 0.6222222222222222 0.09583333333333334 0.17037037037037037
1 0.525 0.8185185185185185 0.16875 0.3
0 0.953125 0.25046296296296294 0.09375 0.09351851851851851
14 0.8375 0.25277777777777777 0.1015625 0.10277777777777777
7 0.14322916666666666 0.2722222222222222 0.10885416666666667 0.09814814814814815
4 0.039322916666666666 0.275 0.07864583333333333 0.10555555555555556
6 0.975 0.34953703703703703 0.05 0.11388888888888889
9 0.8666666666666667 0.3527777777777778 0.1125 0.10555555555555556
10 0.020052083333333335 0.3587962962962963 0.04010416666666667 0.10277777777777777
15 0.11822916666666666 0.37592592592592594 0.13072916666666667 0.10925925925925926
5 0.9078125 0.462037037037037 0.14114583333333333 0.13703703703703704
3 0.06614583333333333 0.47453703703703703 0.13229166666666667 0.12314814814814815
13 0.97734375 0.5814814814814815 0.0453125 0.24814814814814815
12 0.9333333333333333 0.6129629629629629 0.07447916666666667 0.1638888888888889
8 0.042708333333333334 0.6217592592592592 0.08541666666666667 0.16944444444444445
1 0.9734375 0.8185185185185185 0.053125 0.22777777777777777