0 0.6067708333333334 0.25092592592592594 0.08020833333333334 0.1425925925925926
14 0.725 0.25277777777777777 0.10416666666666667 0.1111111111111111
2 0.4984375 0.2712962962962963 0.07083333333333333 0.1259259259259259
7 0.2942708333333333 0.2722222222222222 0.08645833333333333 0.1537037037037037
4 0.4 0.275 0.08645833333333333 0.12037037037037036
6 0.5635416666666667 0.35 0.09895833333333333 0.11666666666666667
9 0.6958333333333333 0.3527777777777778 0.11354166666666667 0.10925925925925926
10 0.4479166666666667 0.3592592592592593 0.08333333333333333 0.14814814814814814
15 0.31927083333333334 0.37592592592592594 0.13645833333333332 0.13703703703703704
11 0.5109375 0.44074074074074077 0.08958333333333333 0.15925925925925927
5 0.6546875 0.462037037037037 0.11770833333333333 0.20925925925925926
3 0.3723958333333333 0.475 0.10520833333333333 0.18703703703703703
13 0.5109375 0.5814814814814815 0.18229166666666666 0.32222222222222224
12 0.6291666666666667 0.6129629629629629 0.090625 0.16111111111111112
8 0.3958333333333333 0.6222222222222222 0.096875 0.17222222222222222
1 0.525 0.8185185185185185 0.19166666666666668 0.25555555555555554
0 0.953125 0.25046296296296294 0.09375 0.09351851851851851
14 0.8375 0.25277777777777777 0.1015625 0.10277777777777777
7 0.14322916666666666 0.2722222222222222 0.10885416666666667 0.09814814814814815
4 0.0390625 0.275 0.078125 0.10555555555555556
6 0.975 0.34953703703703703 0.05 0.11388888888888889
9 0.8666666666666667 0.3527777777777778 0.1125 0.10555555555555556
10 0.020572916666666666 0.3587962962962963 0.04114583333333333 0.10277777777777777
15 0.11822916666666666 0.37592592592592594 0.13072916666666667 0.10925925925925926
5 0.9078125 0.462037037037037 0.14114583333333333 0.13703703703703704
3 0.06614583333333333 0.47453703703703703 0.13229166666666667 0.12314814814814815
13 0.97734375 0.5814814814814815 0.0453125 0.24814814814814815
12 0.9333333333333333 0.6129629629629629 0.07447916666666667 0.1638888888888889
8 0.042708333333333334 0.6217592592592592 0.08541666666666667 0.16944444444444445
1 0.9734375 0.8185185185185185 0.053125 0.22777777777777777