5 0.4739583333333333 0.30925925925925923 0.0625 0.09814814814814815
2 0.5192708333333333 0.3824074074074074 0.059375 0.10555555555555556
12 0.4432291666666667 0.39537037037037037 0.06979166666666667 0.12407407407407407
3 0.56875 0.45092592592592595 0.06875 0.12407407407407407
1 0.4901041666666667 0.48148148148148145 0.06979166666666667 0.12222222222222222
14 0.41822916666666665 0.4842592592592593 0.06458333333333334 0.1425925925925926
10 0.5458333333333333 0.5546296296296296 0.06041666666666667 0.10740740740740741
8 0.471875 0.5712962962962963 0.06875 0.12222222222222222
11 0.39166666666666666 0.5990740740740741 0.07291666666666667 0.14444444444444443
7 0.6807291666666667 0.6444444444444445 0.07291666666666667 0.17407407407407408
9 0.5953125 0.6638888888888889 0.096875 0.17222222222222222
6 0.5234375 0.6814814814814815 0.084375 0.15
10 0.440625 0.7064814814814815 0.08125 0.14444444444444443
15 0.3572916666666667 0.7305555555555555 0.0875 0.15555555555555556
12 0.0125 0.39537037037037037 0.025 0.11666666666666667
3 0.98125 0.45092592592592595 0.0375 0.12777777777777777
14 0.024739583333333332 0.4842592592592593 0.049479166666666664 0.13703703703703704
11 0.04583333333333333 0.5990740740740741 0.071875 0.14166666666666666
7 0.8817708333333333 0.6444444444444445 0.06822916666666666 0.1685185185185185
9 0.9643229166666667 0.6638888888888889 0.07135416666666666 0.17777777777777778
10 0.016666666666666666 0.7064814814814815 0.03333333333333333 0.14444444444444443
15 0.08020833333333334 0.7305555555555555 0.08229166666666667 0.14629629629629629