0 0.43854166666666666 0.3148148148148148 0.09270833333333334 0.16666666666666666
1 0.5395833333333333 0.33240740740740743 0.08125 0.16296296296296298
10 0.696875 0.3527777777777778 0.0875 0.18518518518518517
15 0.35833333333333334 0.3768518518518518 0.07708333333333334 0.2
7 0.23697916666666666 0.39814814814814814 0.05416666666666667 0.0962962962962963
11 0.628125 0.4 0.09166666666666666 0.16296296296296298
8 0.565625 0.5194444444444445 0.13854166666666667 0.32222222222222224
6 0.41458333333333336 0.5305555555555556 0.15833333333333333 0.2796296296296296
12 0.27760416666666665 0.6046296296296296 0.17708333333333334 0.3148148148148148
13 0.6942708333333333 0.6064814814814815 0.1625 0.28888888888888886
0 0.015364583333333333 0.3148148148148148 0.030729166666666665 0.18888888888888888
10 0.865625 0.3527777777777778 0.078125 0.17314814814814813
15 0.07916666666666666 0.3768518518518518 0.071875 0.19444444444444445
7 0.20052083333333334 0.39814814814814814 0.036458333333333336 0.125
11 0.934375 0.4 0.071875 0.17314814814814813
8 0.9682291666666667 0.5189814814814815 0.06354166666666666 0.30092592592592593
6 0.0421875 0.5300925925925926 0.084375 0.31203703703703706
12 0.15989583333333332 0.6046296296296296 0.11666666666666667 0.36018518518518516
13 0.8682291666666667 0.6064814814814815 0.13072916666666667 0.3416666666666667