13 0.7088541666666667 0.22777777777777777 0.10729166666666666 0.12222222222222222
12 0.5578125 0.39444444444444443 0.07395833333333333 0.12962962962962962
1 0.6015625 0.4888888888888889 0.08541666666666667 0.15
3 0.5125 0.5 0.090625 0.10185185185185185
4 0.6640625 0.5685185185185185 0.08645833333333333 0.1537037037037037
0 0.5635416666666667 0.5842592592592593 0.07604166666666666 0.13703703703703704
5 0.471875 0.587037037037037 0.09791666666666667 0.10555555555555556
15 0.7286458333333333 0.6685185185185185 0.08125 0.14444444444444443
8 0.6255208333333333 0.6694444444444444 0.09479166666666666 0.1685185185185185
10 0.515625 0.6759259259259259 0.08020833333333334 0.1425925925925926
7 0.4083333333333333 0.6796296296296296 0.096875 0.1259259259259259
11 0.6640625 0.7611111111111111 0.08020833333333334 0.1425925925925926
14 0.7473958333333334 0.7685185185185185 0.06875 0.12222222222222222
2 0.565625 0.775 0.075 0.13333333333333333
9 0.46979166666666666 0.775 0.115625 0.14629629629629629
6 0.375 0.7851851851851852 0.08541666666666667 0.15185185185185185
13 0.8536458333333333 0.22777777777777777 0.10520833333333333 0.11388888888888889
12 0.9817708333333334 0.3939814814814815 0.036458333333333336 0.10277777777777777
1 0.9544270833333334 0.48842592592592593 0.09114583333333333 0.11018518518518519
4 0.8984375 0.5685185185185185 0.10364583333333334 0.10092592592592593
0 0.9755208333333333 0.5837962962962963 0.04895833333333333 0.08425925925925926
15 0.8338541666666667 0.6685185185185185 0.09010416666666667 0.10277777777777777
8 0.9369791666666667 0.6694444444444444 0.1078125 0.125
7 0.037760416666666664 0.6791666666666667 0.07552083333333333 0.11388888888888889
11 0.8984375 0.7611111111111111 0.09479166666666666 0.10092592592592593
14 0.8151041666666666 0.7685185185185185 0.0671875 0.10555555555555556
2 0.9778645833333334 0.775 0.044270833333333336 0.10555555555555556
9 0.0109375 0.774537037037037 0.021875 0.125
6 0.0625 0.7851851851851852 0.08958333333333333 0.11481481481481481