13 0.7088541666666667 0.22870370370370371 0.109375 0.12777777777777777
12 0.5578125 0.39444444444444443 0.07395833333333333 0.13148148148148148
1 0.6015625 0.4898148148148148 0.10833333333333334 0.12777777777777777
3 0.5125 0.5 0.075 0.13333333333333333
4 0.6645833333333333 0.5694444444444444 0.08541666666666667 0.15
0 0.5635416666666667 0.5842592592592593 0.09895833333333333 0.1
5 0.471875 0.5879629629629629 0.07604166666666666 0.13518518518518519
15 0.7286458333333333 0.6685185185185185 0.078125 0.1388888888888889
8 0.6260416666666667 0.6694444444444444 0.09583333333333334 0.17222222222222222
10 0.515625 0.6759259259259259 0.09166666666666666 0.11296296296296296
7 0.4083333333333333 0.6796296296296296 0.09583333333333334 0.12222222222222222
11 0.6640625 0.7611111111111111 0.078125 0.1388888888888889
14 0.7473958333333334 0.7685185185185185 0.071875 0.11481481481481481
2 0.565625 0.775 0.0875 0.11851851851851852
9 0.4703125 0.775 0.09791666666666667 0.17407407407407408
6 0.375 0.7851851851851852 0.08229166666666667 0.14629629629629629
13 0.8536458333333333 0.22870370370370371 0.10520833333333333 0.11388888888888889
12 0.9817708333333334 0.3939814814814815 0.036458333333333336 0.10277777777777777
1 0.9544270833333334 0.48935185185185187 0.09114583333333333 0.11018518518518519
4 0.8979166666666667 0.5694444444444444 0.10260416666666666 0.10092592592592593
0 0.9755208333333333 0.5837962962962963 0.04895833333333333 0.08425925925925926
15 0.8338541666666667 0.6685185185185185 0.09010416666666667 0.10277777777777777
8 0.9364583333333333 0.6694444444444444 0.1078125 0.125
7 0.037760416666666664 0.6791666666666667 0.07552083333333333 0.11388888888888889
11 0.8984375 0.7611111111111111 0.09479166666666666 0.10092592592592593
14 0.8151041666666666 0.7685185185185185 0.0671875 0.10555555555555556
2 0.9778645833333334 0.775 0.044270833333333336 0.10555555555555556
6 0.0625 0.7851851851851852 0.08958333333333333 0.11481481481481481