0 0.6630208333333333 0.38796296296296295 0.06041666666666667 0.10740740740740741
13 0.453125 0.4898148148148148 0.05416666666666667 0.1425925925925926
10 0.40208333333333335 0.49444444444444446 0.058333333333333334 0.1037037037037037
9 0.35104166666666664 0.5092592592592593 0.05520833333333333 0.1
4 0.3703125 0.600925925925926 0.06145833333333333 0.10925925925925926
3 0.428125 0.6231481481481481 0.078125 0.1388888888888889
1 0.33125 0.6685185185185185 0.08125 0.14444444444444443
15 0.24583333333333332 0.6777777777777778 0.05416666666666667 0.14444444444444443
14 0.48854166666666665 0.6842592592592592 0.08229166666666667 0.14629629629629629
0 0.8994791666666667 0.38796296296296295 0.04635416666666667 0.11944444444444445
10 0.035416666666666666 0.49444444444444446 0.04375 0.125
9 0.08645833333333333 0.5092592592592593 0.05260416666666667 0.0962962962962963
4 0.0671875 0.600925925925926 0.042708333333333334 0.12129629629629629
3 0.020572916666666666 0.6231481481481481 0.04114583333333333 0.13703703703703704
1 0.10625 0.6685185185185185 0.06197916666666667 0.15925925925925927
15 0.19166666666666668 0.6777777777777778 0.04739583333333333 0.13703703703703704