0 0.6630208333333333 0.38796296296296295 0.04895833333333333 0.12222222222222222
13 0.453125 0.49074074074074076 0.06458333333333334 0.11481481481481481
10 0.40260416666666665 0.49444444444444446 0.059375 0.1037037037037037
9 0.35104166666666664 0.5092592592592593 0.057291666666666664 0.10185185185185185
4 0.3703125 0.600925925925926 0.059375 0.10740740740740741
3 0.428125 0.6231481481481481 0.06770833333333333 0.1425925925925926
1 0.33125 0.6685185185185185 0.07916666666666666 0.14074074074074075
15 0.24583333333333332 0.6777777777777778 0.065625 0.11666666666666667
14 0.48854166666666665 0.6842592592592592 0.06145833333333333 0.17777777777777778
0 0.8994791666666667 0.38796296296296295 0.04635416666666667 0.11944444444444445
10 0.034895833333333334 0.49444444444444446 0.042708333333333334 0.125
9 0.08645833333333333 0.5092592592592593 0.05260416666666667 0.0962962962962963
4 0.0671875 0.600925925925926 0.042708333333333334 0.12129629629629629
3 0.020572916666666666 0.6231481481481481 0.04114583333333333 0.13703703703703704
1 0.10625 0.6685185185185185 0.06197916666666667 0.15925925925925927
15 0.19166666666666668 0.6777777777777778 0.04739583333333333 0.13703703703703704