4 0.5130208333333334 0.5037037037037037 0.03958333333333333 0.07037037037037037
1 0.4828125 0.5527777777777778 0.04583333333333333 0.08148148148148149
0 0.5140625 0.587037037037037 0.041666666666666664 0.07592592592592592
11 0.44375 0.5898148148148148 0.04895833333333333 0.08703703703703704
0 0.5135416666666667 0.5935185185185186 0.0375 0.06666666666666667
9 0.5770833333333333 0.5935185185185186 0.03958333333333333 0.07037037037037037
5 0.6114583333333333 0.625 0.05416666666666667 0.09444444444444444
12 0.4083333333333333 0.6287037037037037 0.03958333333333333 0.07222222222222222
15 0.4744791666666667 0.6361111111111111 0.04479166666666667 0.07962962962962963
14 0.5463541666666667 0.6388888888888888 0.05520833333333333 0.07592592592592592
6 0.4375 0.6972222222222222 0.06041666666666667 0.10740740740740741
3 0.5104166666666666 0.700925925925926 0.06770833333333333 0.10185185185185185
2 0.6536458333333334 0.7092592592592593 0.058333333333333334 0.1037037037037037
7 0.365625 0.725 0.08229166666666667 0.14629629629629629
11 0.008333333333333333 0.5898148148148148 0.016666666666666666 0.07592592592592592
9 0.98359375 0.5935185185185186 0.0328125 0.06481481481481481
5 0.9510416666666667 0.625 0.05520833333333333 0.07592592592592592
12 0.029166666666666667 0.6287037037037037 0.04479166666666667 0.05740740740740741
6 0.013541666666666667 0.6967592592592593 0.027083333333333334 0.10092592592592593
2 0.9088541666666666 0.7092592592592593 0.06458333333333334 0.08703703703703704
7 0.071875 0.725 0.06197916666666667 0.15555555555555556