8 0.6260416666666667 0.2833333333333333 0.10416666666666667 0.13240740740740742
9 0.3536458333333333 0.3333333333333333 0.15729166666666666 0.18518518518518517
9 0.5671875 0.38425925925925924 0.10677083333333333 0.12314814814814815
4 0.7020833333333333 0.38981481481481484 0.11666666666666667 0.13425925925925927
2 0.5109375 0.5064814814814815 0.121875 0.17314814814814813
10 0.6578125 0.5111111111111111 0.13489583333333333 0.18518518518518517
14 0.3614583333333333 0.5268518518518519 0.1484375 0.17314814814814813
6 0.5697916666666667 0.6666666666666666 0.15520833333333334 0.21851851851851853
13 0.3171875 0.20462962962962963 0.11770833333333333 0.10277777777777777
8 0.9364583333333333 0.2833333333333333 0.10416666666666667 0.13240740740740742
9 0.08385416666666666 0.3333333333333333 0.15729166666666666 0.18518518518518517
9 0.9708333333333333 0.3837962962962963 0.058333333333333334 0.12314814814814815
4 0.8604166666666667 0.38981481481481484 0.11666666666666667 0.13425925925925927
10 0.9046875 0.5111111111111111 0.13489583333333333 0.18518518518518517
14 0.07604166666666666 0.5268518518518519 0.1484375 0.17314814814814813
6 0.9575520833333333 0.6666666666666666 0.08489583333333334 0.21851851851851853
13 0.1203125 0.20462962962962963 0.11770833333333333 0.10277777777777777