8 0.6260416666666667 0.2833333333333333 0.09791666666666667 0.17407407407407408
9 0.3536458333333333 0.3333333333333333 0.13333333333333333 0.2388888888888889
9 0.5671875 0.38425925925925924 0.08854166666666667 0.15925925925925927
4 0.7020833333333333 0.38981481481481484 0.09895833333333333 0.17592592592592593
2 0.5109375 0.5064814814814815 0.12395833333333334 0.17592592592592593
10 0.6578125 0.5111111111111111 0.13020833333333334 0.22962962962962963
14 0.3614583333333333 0.5268518518518519 0.12708333333333333 0.22592592592592592
6 0.5692708333333333 0.6666666666666666 0.140625 0.25
13 0.3171875 0.20462962962962963 0.09479166666666666 0.1685185185185185
8 0.9364583333333333 0.2833333333333333 0.10416666666666667 0.13240740740740742
9 0.08385416666666666 0.3333333333333333 0.15729166666666666 0.18518518518518517
9 0.9708333333333333 0.3837962962962963 0.058333333333333334 0.125
4 0.8604166666666667 0.38981481481481484 0.11666666666666667 0.13425925925925927
10 0.9046875 0.5111111111111111 0.13489583333333333 0.18518518518518517
14 0.07604166666666666 0.5268518518518519 0.1484375 0.17314814814814813
6 0.9575520833333333 0.6666666666666666 0.08489583333333334 0.21851851851851853
13 0.1203125 0.20462962962962963 0.11770833333333333 0.10277777777777777