13 0.5880208333333333 0.29907407407407405 0.04791666666666667 0.08518518518518518
0 0.4859375 0.6444444444444445 0.03958333333333333 0.07037037037037037
7 0.4166666666666667 0.6898148148148148 0.03854166666666667 0.07037037037037037
8 0.5755208333333334 0.7870370370370371 0.0625 0.1111111111111111
9 0.5302083333333333 0.787962962962963 0.0625 0.1111111111111111
6 0.48333333333333334 0.7907407407407407 0.06041666666666667 0.10740740740740741
4 0.440625 0.8 0.06666666666666667 0.12037037037037036
13 0.9744791666666667 0.29907407407407405 0.0375 0.09166666666666666
7 0.020833333333333332 0.6898148148148148 0.0390625 0.06944444444444445
8 0.9815104166666667 0.7870370370370371 0.03697916666666667 0.13703703703703704
4 0.009635416666666667 0.799537037037037 0.019270833333333334 0.14166666666666666