13 0.5875 0.29814814814814816 0.05 0.08703703703703704
0 0.4859375 0.6444444444444445 0.0375 0.06666666666666667
7 0.4166666666666667 0.6898148148148148 0.03854166666666667 0.07037037037037037
8 0.5755208333333334 0.7870370370370371 0.06458333333333334 0.11481481481481481
9 0.5302083333333333 0.787962962962963 0.06666666666666667 0.11851851851851852
6 0.48333333333333334 0.7898148148148149 0.042708333333333334 0.13518518518518519
4 0.440625 0.8 0.051041666666666666 0.14629629629629629
13 0.975 0.29814814814814816 0.03854166666666667 0.09166666666666666
7 0.020833333333333332 0.6898148148148148 0.0390625 0.06944444444444445
8 0.9815104166666667 0.7870370370370371 0.03697916666666667 0.13703703703703704
4 0.009635416666666667 0.799537037037037 0.019270833333333334 0.14166666666666666