14 0.5286458333333334 0.32592592592592595 0.1 0.17777777777777778
9 0.7296875 0.4444444444444444 0.08645833333333333 0.23333333333333334
7 0.38125 0.5120370370370371 0.08645833333333333 0.18518518518518517
13 0.5166666666666667 0.5592592592592592 0.071875 0.20925925925925926
0 0.5598958333333334 0.7231481481481481 0.08541666666666667 0.21851851851851853
11 0.440625 0.8231481481481482 0.10520833333333333 0.26481481481481484
12 0.525 0.13055555555555556 0.07708333333333334 0.13518518518518519
5 0.48020833333333335 0.20092592592592592 0.08229166666666667 0.14629629629629629
3 0.7520833333333333 0.21574074074074073 0.09270833333333334 0.1648148148148148
9 0.8328125 0.4444444444444444 0.07291666666666667 0.2212962962962963
7 0.05625 0.5120370370370371 0.08229166666666667 0.18055555555555555
0 0.98125 0.7226851851851852 0.0375 0.21203703703703702
11 0.022135416666666668 0.8226851851851852 0.044270833333333336 0.25277777777777777
3 0.8104166666666667 0.21574074074074073 0.0578125 0.21388888888888888