14 0.5286458333333334 0.32592592592592595 0.08229166666666667 0.2074074074074074
9 0.7296875 0.4444444444444444 0.10416666666666667 0.18518518518518517
7 0.38125 0.5120370370370371 0.10104166666666667 0.17962962962962964
13 0.5166666666666667 0.5592592592592592 0.10104166666666667 0.17962962962962964
0 0.5598958333333334 0.7231481481481481 0.109375 0.19444444444444445
11 0.440625 0.8231481481481482 0.096875 0.25555555555555554
12 0.525 0.13055555555555556 0.057291666666666664 0.17037037037037037
5 0.48020833333333335 0.20092592592592592 0.07708333333333334 0.17777777777777778
3 0.7520833333333333 0.21574074074074073 0.096875 0.17407407407407408
9 0.8328125 0.4444444444444444 0.07291666666666667 0.2212962962962963
7 0.05625 0.5120370370370371 0.08229166666666667 0.18055555555555555
0 0.98125 0.7226851851851852 0.0375 0.21203703703703702
11 0.022135416666666668 0.8226851851851852 0.044270833333333336 0.25277777777777777
3 0.8104166666666667 0.21574074074074073 0.0578125 0.21388888888888888