14 0.5286458333333334 0.32592592592592595 0.103125 0.18333333333333332
9 0.7296875 0.4444444444444444 0.10104166666666667 0.17962962962962964
7 0.38125 0.5120370370370371 0.08645833333333333 0.18518518518518517
13 0.5166666666666667 0.5592592592592592 0.1 0.17777777777777778
0 0.5598958333333334 0.7231481481481481 0.11041666666666666 0.1962962962962963
11 0.440625 0.8231481481481482 0.12395833333333334 0.22037037037037038
12 0.525 0.13055555555555556 0.06041666666666667 0.17222222222222222
5 0.48020833333333335 0.20092592592592592 0.07083333333333333 0.17037037037037037
3 0.7520833333333333 0.21574074074074073 0.08958333333333333 0.15925925925925927
9 0.8328125 0.4444444444444444 0.07291666666666667 0.2212962962962963
7 0.05625 0.5120370370370371 0.08229166666666667 0.18055555555555555
0 0.98125 0.7226851851851852 0.0375 0.21203703703703702
11 0.022135416666666668 0.8226851851851852 0.044270833333333336 0.25277777777777777
3 0.8104166666666667 0.21574074074074073 0.0578125 0.21388888888888888