14 0.5286458333333334 0.32592592592592595 0.08020833333333334 0.2037037037037037
9 0.7296875 0.4444444444444444 0.10833333333333334 0.1925925925925926
7 0.38125 0.5120370370370371 0.08333333333333333 0.1814814814814815
13 0.5166666666666667 0.5592592592592592 0.10416666666666667 0.18518518518518517
0 0.5598958333333334 0.7231481481481481 0.10729166666666666 0.19074074074074074
11 0.440625 0.8231481481481482 0.11041666666666666 0.27037037037037037
12 0.5255208333333333 0.13148148148148148 0.05520833333333333 0.1685185185185185
5 0.48020833333333335 0.20092592592592592 0.08229166666666667 0.14629629629629629
3 0.7520833333333333 0.21574074074074073 0.096875 0.17407407407407408
9 0.8328125 0.4444444444444444 0.07291666666666667 0.2212962962962963
7 0.05625 0.5120370370370371 0.08229166666666667 0.18055555555555555
0 0.98125 0.7226851851851852 0.0375 0.21203703703703702
11 0.022135416666666668 0.8226851851851852 0.044270833333333336 0.25277777777777777
3 0.8104166666666667 0.21574074074074073 0.0578125 0.21388888888888888