12 0.7567708333333333 0.26944444444444443 0.053125 0.09444444444444444
15 0.2921875 0.2898148148148148 0.058333333333333334 0.10555555555555556
8 0.5234375 0.34074074074074073 0.058333333333333334 0.12407407407407407
1 0.44895833333333335 0.4101851851851852 0.065625 0.1388888888888889
6 0.5166666666666667 0.44907407407407407 0.075 0.13333333333333333
9 0.3802083333333333 0.55 0.10104166666666667 0.1814814814814815
5 0.6255208333333333 0.5740740740740741 0.103125 0.15
10 0.5078125 0.6138888888888889 0.109375 0.19444444444444445
4 0.640625 0.7481481481481481 0.10208333333333333 0.26296296296296295
0 0.6458333333333334 0.1425925925925926 0.03854166666666667 0.06851851851851852
14 0.6098958333333333 0.1648148148148148 0.03229166666666667 0.05740740740740741
12 0.8057291666666667 0.26944444444444443 0.04479166666666667 0.10925925925925926
15 0.1453125 0.2898148148148148 0.05260416666666667 0.11481481481481481
1 0.00859375 0.4101851851851852 0.0171875 0.12777777777777777
9 0.057291666666666664 0.55 0.0953125 0.18518518518518517
5 0.9369791666666667 0.5740740740740741 0.1 0.14166666666666666
4 0.921875 0.7481481481481481 0.1 0.25925925925925924
0 0.9166666666666666 0.1425925925925926 0.028645833333333332 0.07592592592592592
14 0.9526041666666667 0.1648148148148148 0.028645833333333332 0.06388888888888888