12 0.7567708333333333 0.26944444444444443 0.057291666666666664 0.10185185185185185
15 0.2921875 0.2898148148148148 0.06041666666666667 0.10925925925925926
8 0.5234375 0.34074074074074073 0.06145833333333333 0.12777777777777777
1 0.44895833333333335 0.4101851851851852 0.07083333333333333 0.12777777777777777
6 0.5166666666666667 0.44907407407407407 0.06875 0.15555555555555556
9 0.3802083333333333 0.55 0.10729166666666666 0.1925925925925926
5 0.6260416666666667 0.5740740740740741 0.1 0.1425925925925926
10 0.5078125 0.6138888888888889 0.11458333333333333 0.20185185185185187
4 0.640625 0.7481481481481481 0.125 0.2222222222222222
0 0.6458333333333334 0.1425925925925926 0.036458333333333336 0.06481481481481481
14 0.6098958333333333 0.1648148148148148 0.030208333333333334 0.06666666666666667
12 0.8057291666666667 0.26944444444444443 0.04479166666666667 0.10925925925925926
15 0.1453125 0.2898148148148148 0.05260416666666667 0.11481481481481481
1 0.00859375 0.4101851851851852 0.0171875 0.12777777777777777
9 0.057291666666666664 0.55 0.0953125 0.18518518518518517
5 0.9364583333333333 0.5740740740740741 0.09895833333333333 0.14166666666666666
4 0.921875 0.7481481481481481 0.1 0.25925925925925924
0 0.9166666666666666 0.1425925925925926 0.028645833333333332 0.07592592592592592
14 0.9526041666666667 0.1648148148148148 0.028645833333333332 0.06388888888888888