12 0.7567708333333333 0.27037037037037037 0.05 0.11481481481481481
15 0.2921875 0.2898148148148148 0.053125 0.11481481481481481
8 0.5234375 0.34074074074074073 0.057291666666666664 0.12407407407407407
1 0.44895833333333335 0.4101851851851852 0.06979166666666667 0.12407407407407407
6 0.5166666666666667 0.44907407407407407 0.07291666666666667 0.16111111111111112
9 0.3807291666666667 0.55 0.10625 0.18888888888888888
5 0.6260416666666667 0.5740740740740741 0.09895833333333333 0.17592592592592593
10 0.5078125 0.6138888888888889 0.11666666666666667 0.2074074074074074
4 0.640625 0.7481481481481481 0.13333333333333333 0.23703703703703705
0 0.6458333333333334 0.1425925925925926 0.03854166666666667 0.06851851851851852
14 0.6098958333333333 0.1648148148148148 0.03125 0.06851851851851852
12 0.8057291666666667 0.27037037037037037 0.04479166666666667 0.10740740740740741
15 0.1453125 0.2898148148148148 0.05260416666666667 0.11481481481481481
1 0.00859375 0.4101851851851852 0.0171875 0.12777777777777777
9 0.05677083333333333 0.55 0.0953125 0.18518518518518517
5 0.9364583333333333 0.5740740740740741 0.09895833333333333 0.14166666666666666
4 0.921875 0.7481481481481481 0.1 0.25925925925925924
0 0.9166666666666666 0.1425925925925926 0.028645833333333332 0.07592592592592592
14 0.9526041666666667 0.1648148148148148 0.028645833333333332 0.06388888888888888