10 0.24401041666666667 0.030555555555555555 0.0390625 0.06111111111111111
7 0.3971354166666667 0.031018518518518518 0.03802083333333333 0.062037037037037036
8 0.3177083333333333 0.33240740740740743 0.06666666666666667 0.11851851851851852
13 0.49322916666666666 0.3435185185185185 0.06041666666666667 0.10740740740740741
3 0.4041666666666667 0.5527777777777778 0.0625 0.1111111111111111
2 0.2838541666666667 0.6824074074074075 0.084375 0.15
12 0.23802083333333332 0.16944444444444445 0.05416666666666667 0.09814814814814815
10 0.19322916666666667 0.026851851851851852 0.04479166666666667 0.053703703703703705
7 0.04010416666666667 0.02962962962962963 0.033854166666666664 0.05925925925925926
8 0.11979166666666667 0.33240740740740743 0.05260416666666667 0.12777777777777777
3 0.03333333333333333 0.5527777777777778 0.04010416666666667 0.13703703703703704
2 0.15364583333333334 0.6824074074074075 0.06041666666666667 0.1638888888888889
12 0.19947916666666668 0.16944444444444445 0.0375 0.125