10 0.24427083333333333 0.026851851851851852 0.04479166666666667 0.053703703703703705
7 0.396875 0.02962962962962963 0.034375 0.05925925925925926
8 0.3177083333333333 0.33240740740740743 0.058333333333333334 0.13518518518518519
13 0.49322916666666666 0.3435185185185185 0.057291666666666664 0.10185185185185185
3 0.4041666666666667 0.5537037037037037 0.04791666666666667 0.14444444444444443
2 0.2838541666666667 0.6833333333333333 0.08125 0.14444444444444443
12 0.23802083333333332 0.16944444444444445 0.05520833333333333 0.09814814814814815
10 0.19322916666666667 0.026851851851851852 0.04479166666666667 0.053703703703703705
7 0.04010416666666667 0.02962962962962963 0.033854166666666664 0.05925925925925926
8 0.11979166666666667 0.33240740740740743 0.05260416666666667 0.12777777777777777
3 0.03333333333333333 0.5537037037037037 0.04010416666666667 0.1388888888888889
2 0.15364583333333334 0.6833333333333333 0.06041666666666667 0.1638888888888889
12 0.19947916666666668 0.16944444444444445 0.0375 0.125