10 0.24427083333333333 0.026851851851851852 0.04479166666666667 0.053703703703703705
7 0.39739583333333334 0.02962962962962963 0.033854166666666664 0.05925925925925926
8 0.3177083333333333 0.33240740740740743 0.05260416666666667 0.12777777777777777
13 0.49322916666666666 0.3435185185185185 0.0390625 0.13425925925925927
3 0.4041666666666667 0.5527777777777778 0.04010416666666667 0.13703703703703704
2 0.2838541666666667 0.6824074074074075 0.06041666666666667 0.1638888888888889
12 0.23802083333333332 0.16944444444444445 0.0375 0.125
10 0.19322916666666667 0.026851851851851852 0.04479166666666667 0.053703703703703705
7 0.04010416666666667 0.02962962962962963 0.033854166666666664 0.05925925925925926
8 0.11979166666666667 0.33240740740740743 0.05260416666666667 0.12777777777777777
3 0.03333333333333333 0.5527777777777778 0.04010416666666667 0.13703703703703704
2 0.15364583333333334 0.6824074074074075 0.06041666666666667 0.1638888888888889
12 0.19947916666666668 0.16944444444444445 0.0375 0.125