3 0.5479166666666667 0.37962962962962965 0.057291666666666664 0.1037037037037037
4 0.5973958333333333 0.38333333333333336 0.04375 0.07777777777777778
15 0.6458333333333334 0.3861111111111111 0.04791666666666667 0.08518518518518518
12 0.6984375 0.387037037037037 0.046875 0.08518518518518518
14 0.4942708333333333 0.38796296296296295 0.04375 0.12222222222222222
0 0.5786458333333333 0.45740740740740743 0.046875 0.09074074074074075
5 0.628125 0.4648148148148148 0.052083333333333336 0.09814814814814815
9 0.6791666666666667 0.4666666666666667 0.05416666666666667 0.0962962962962963
11 0.5223958333333333 0.4703703703703704 0.059375 0.10740740740740741
6 0.6015625 0.5398148148148149 0.052083333333333336 0.09259259259259259
8 0.65625 0.5444444444444444 0.06041666666666667 0.10740740740740741
10 0.5421875 0.5462962962962963 0.051041666666666666 0.13148148148148148
1 0.5708333333333333 0.6277777777777778 0.05 0.12962962962962962
7 0.6322916666666667 0.6296296296296297 0.05520833333333333 0.11851851851851852
0 0.6057291666666667 0.7407407407407407 0.06979166666666667 0.12407407407407407
4 0.9651041666666667 0.38333333333333336 0.036458333333333336 0.08518518518518518
15 0.9166666666666666 0.3861111111111111 0.04895833333333333 0.07962962962962963
12 0.8640625 0.387037037037037 0.04010416666666667 0.0962962962962963
0 0.98125 0.45694444444444443 0.0375 0.08425925925925926
5 0.934375 0.4648148148148148 0.04895833333333333 0.09351851851851851
9 0.8833333333333333 0.4666666666666667 0.042708333333333334 0.11018518518518519
6 0.9609375 0.5398148148148149 0.04010416666666667 0.11203703703703703
8 0.90625 0.5444444444444444 0.05260416666666667 0.10555555555555556
1 0.98359375 0.6277777777777778 0.0328125 0.12777777777777777
7 0.9302083333333333 0.6296296296296297 0.05416666666666667 0.11666666666666667
0 0.9567708333333333 0.7407407407407407 0.0515625 0.14444444444444443