1 0.6880208333333333 0.537962962962963 0.05 0.17314814814814813
12 0.3380208333333333 0.6203703703703703 0.07708333333333334 0.14814814814814814
3 0.7484375 0.6296296296296297 0.06458333333333334 0.19166666666666668
15 0.4984375 0.6435185185185185 0.078125 0.18055555555555555
2 0.4109375 0.7796296296296297 0.07708333333333334 0.28055555555555556
4 0.6067708333333334 0.8453703703703703 0.10520833333333333 0.2796296296296296
1 0.8744791666666667 0.537962962962963 0.05 0.17314814814814813
12 0.09947916666666666 0.6203703703703703 0.07708333333333334 0.14814814814814814
3 0.8140625 0.6296296296296297 0.06458333333333334 0.19166666666666668
2 0.032552083333333336 0.7791666666666667 0.06510416666666667 0.28055555555555556
4 0.9515625 0.8453703703703703 0.096875 0.2796296296296296