1 0.6880208333333333 0.537962962962963 0.053125 0.17592592592592593
12 0.3380208333333333 0.6194444444444445 0.084375 0.16111111111111112
3 0.7484375 0.6296296296296297 0.07604166666666666 0.2037037037037037
15 0.4984375 0.6435185185185185 0.08854166666666667 0.1925925925925926
2 0.4109375 0.7796296296296297 0.084375 0.28703703703703703
4 0.6067708333333334 0.8453703703703703 0.13333333333333333 0.23703703703703705
1 0.8744791666666667 0.537962962962963 0.05 0.17314814814814813
12 0.09947916666666666 0.6194444444444445 0.07708333333333334 0.14814814814814814
3 0.8140625 0.6296296296296297 0.06458333333333334 0.19166666666666668
2 0.032552083333333336 0.7791666666666667 0.06510416666666667 0.28055555555555556
4 0.9515625 0.8453703703703703 0.096875 0.2796296296296296