12 0.3723958333333333 0.42314814814814816 0.06770833333333333 0.18703703703703703
1 0.28125 0.5018518518518519 0.08125 0.14444444444444443
13 0.440625 0.5046296296296297 0.08541666666666667 0.2037037037037037
9 0.5942708333333333 0.5435185185185185 0.1 0.17777777777777778
3 0.371875 0.6222222222222222 0.10625 0.18888888888888888
10 0.24583333333333332 0.6462962962962963 0.05520833333333333 0.19444444444444445
2 0.5786458333333333 0.7527777777777778 0.09479166666666666 0.2388888888888889
14 0.275 0.8055555555555556 0.09375 0.20185185185185187
12 0.06510416666666667 0.42314814814814816 0.06458333333333334 0.18425925925925926
1 0.15625 0.5018518518518519 0.0671875 0.1638888888888889
13 0.016666666666666666 0.5041666666666667 0.03333333333333333 0.18981481481481483
9 0.9640625 0.5430555555555555 0.071875 0.18981481481481483
3 0.065625 0.6222222222222222 0.08697916666666666 0.19444444444444445
10 0.19166666666666668 0.6462962962962963 0.04739583333333333 0.18981481481481483
2 0.9700520833333334 0.7523148148148148 0.059895833333333336 0.23055555555555557
14 0.1625 0.8055555555555556 0.09010416666666667 0.1962962962962963