10 0.39166666666666666 0.55 0.04479166666666667 0.07962962962962963
14 0.4630208333333333 0.562037037037037 0.053125 0.09259259259259259
11 0.34791666666666665 0.5888888888888889 0.051041666666666666 0.09074074074074075
3 0.4973958333333333 0.5944444444444444 0.046875 0.08518518518518518
0 0.4171875 0.6027777777777777 0.05 0.08888888888888889
1 0.2916666666666667 0.6268518518518519 0.053125 0.06851851851851852
5 0.37395833333333334 0.6388888888888888 0.046875 0.08333333333333333
6 0.5276041666666667 0.6444444444444445 0.04895833333333333 0.08703703703703704
2 0.4515625 0.6462962962962963 0.051041666666666666 0.08888888888888889
12 0.24583333333333332 0.7 0.06770833333333333 0.12037037037037036
7 0.32135416666666666 0.7027777777777777 0.071875 0.10555555555555556
15 0.48072916666666665 0.7092592592592593 0.08125 0.14444444444444443
4 0.4041666666666667 0.712037037037037 0.06770833333333333 0.12222222222222222
9 0.5640625 0.7277777777777777 0.075 0.13333333333333333
10 0.04583333333333333 0.55 0.050520833333333334 0.0712962962962963
11 0.08958333333333333 0.5888888888888889 0.04791666666666667 0.08425925925925926
0 0.021875 0.6023148148148149 0.04375 0.08425925925925926
1 0.14583333333333334 0.6268518518518519 0.05260416666666667 0.06666666666666667
5 0.06354166666666666 0.6388888888888888 0.059375 0.05925925925925926
2 0.005208333333333333 0.6462962962962963 0.010416666666666666 0.08703703703703704
12 0.19166666666666668 0.7 0.05416666666666667 0.13703703703703704
7 0.11614583333333334 0.7027777777777777 0.06927083333333334 0.10277777777777777
4 0.03333333333333333 0.712037037037037 0.065625 0.11481481481481481
9 0.9809895833333333 0.7277777777777777 0.03802083333333333 0.12962962962962962