10 0.3921875 0.55 0.04895833333333333 0.08703703703703704
14 0.4630208333333333 0.562037037037037 0.051041666666666666 0.10185185185185185
11 0.34791666666666665 0.5888888888888889 0.04895833333333333 0.08703703703703704
3 0.4973958333333333 0.5944444444444444 0.04895833333333333 0.07962962962962963
0 0.4171875 0.6027777777777777 0.04895833333333333 0.08703703703703704
1 0.2916666666666667 0.6268518518518519 0.05520833333333333 0.07222222222222222
5 0.37395833333333334 0.6388888888888888 0.06041666666666667 0.06481481481481481
6 0.5270833333333333 0.6444444444444445 0.052083333333333336 0.09259259259259259
2 0.4515625 0.6462962962962963 0.04895833333333333 0.08703703703703704
12 0.24583333333333332 0.7 0.06875 0.12222222222222222
7 0.32135416666666666 0.7027777777777777 0.075 0.11481481481481481
15 0.48072916666666665 0.7092592592592593 0.08645833333333333 0.13333333333333333
4 0.4041666666666667 0.712037037037037 0.065625 0.11666666666666667
9 0.5640625 0.7277777777777777 0.078125 0.14074074074074075
10 0.0453125 0.55 0.05 0.0712962962962963
11 0.08958333333333333 0.5888888888888889 0.04791666666666667 0.08425925925925926
0 0.021875 0.6023148148148149 0.04375 0.08425925925925926
1 0.14583333333333334 0.6268518518518519 0.05260416666666667 0.06666666666666667
5 0.06354166666666666 0.6388888888888888 0.059375 0.05925925925925926
2 0.005208333333333333 0.6462962962962963 0.010416666666666666 0.08703703703703704
12 0.19166666666666668 0.7 0.05416666666666667 0.13703703703703704
7 0.11614583333333334 0.7027777777777777 0.06927083333333334 0.10277777777777777
4 0.03333333333333333 0.712037037037037 0.065625 0.11481481481481481
9 0.9809895833333333 0.7277777777777777 0.03802083333333333 0.12962962962962962