6 0.5552083333333333 0.275 0.08958333333333333 0.1648148148148148
8 0.29270833333333335 0.29907407407407405 0.10416666666666667 0.24444444444444444
4 0.4125 0.4009259259259259 0.10416666666666667 0.2
0 0.5510416666666667 0.4444444444444444 0.10260416666666666 0.19444444444444445
15 0.6515625 0.6583333333333333 0.109375 0.29814814814814816
2 0.3265625 0.6675925925925926 0.10520833333333333 0.3296296296296296
14 0.5401041666666667 0.6722222222222223 0.10677083333333333 0.3416666666666667
13 0.43333333333333335 0.6787037037037037 0.1078125 0.3194444444444444
1 0.5291666666666667 0.1175925925925926 0.08333333333333333 0.19166666666666668
2 0.2520833333333333 0.12685185185185185 0.05677083333333333 0.19444444444444445
12 0.3692708333333333 0.13425925925925927 0.08697916666666666 0.21203703703703702
10 0.4588541666666667 0.21666666666666667 0.08697916666666666 0.2
6 0.98125 0.275 0.0375 0.1648148148148148
8 0.14479166666666668 0.29907407407407405 0.10416666666666667 0.24444444444444444
4 0.03854166666666667 0.4009259259259259 0.07708333333333334 0.2
0 0.9799479166666667 0.4444444444444444 0.04010416666666667 0.19444444444444445
15 0.9109375 0.6583333333333333 0.109375 0.29814814814814816
2 0.1109375 0.6675925925925926 0.10520833333333333 0.3296296296296296
14 0.984375 0.6717592592592593 0.03125 0.3416666666666667
13 0.02890625 0.6782407407407407 0.0578125 0.3194444444444444
2 0.18541666666666667 0.12685185185185185 0.05677083333333333 0.19444444444444445
12 0.06822916666666666 0.13425925925925927 0.08697916666666666 0.21203703703703702
10 0.0109375 0.21666666666666667 0.021875 0.2