6 0.5552083333333333 0.275 0.09791666666666667 0.17222222222222222
8 0.29270833333333335 0.29907407407407405 0.12604166666666666 0.22407407407407406
4 0.4119791666666667 0.4009259259259259 0.109375 0.19444444444444445
0 0.5510416666666667 0.44351851851851853 0.11666666666666667 0.2074074074074074
15 0.6515625 0.6583333333333333 0.11354166666666667 0.30185185185185187
2 0.3265625 0.6675925925925926 0.16041666666666668 0.2851851851851852
14 0.5401041666666667 0.6712962962962963 0.11354166666666667 0.34814814814814815
13 0.43333333333333335 0.6787037037037037 0.15 0.26666666666666666
1 0.5291666666666667 0.1175925925925926 0.09375 0.2037037037037037
2 0.2520833333333333 0.12685185185185185 0.09166666666666666 0.16111111111111112
12 0.36875 0.13425925925925927 0.09375 0.22037037037037038
10 0.4588541666666667 0.21666666666666667 0.11041666666666666 0.1962962962962963
6 0.98125 0.275 0.0375 0.1648148148148148
8 0.14479166666666668 0.29907407407407405 0.10416666666666667 0.24444444444444444
4 0.0390625 0.4009259259259259 0.078125 0.2
0 0.9799479166666667 0.44351851851851853 0.04010416666666667 0.19444444444444445
15 0.9109375 0.6583333333333333 0.109375 0.29814814814814816
2 0.1109375 0.6675925925925926 0.10520833333333333 0.3296296296296296
14 0.984375 0.6708333333333333 0.03125 0.3435185185185185
13 0.02890625 0.6782407407407407 0.0578125 0.3194444444444444
2 0.18541666666666667 0.12685185185185185 0.05677083333333333 0.19444444444444445
12 0.06875 0.13425925925925927 0.08697916666666666 0.21203703703703702
10 0.0109375 0.21666666666666667 0.021875 0.2