6 0.5307291666666667 0.5018518518518519 0.084375 0.06296296296296296
10 0.44166666666666665 0.5101851851851852 0.05416666666666667 0.0962962962962963
5 0.6140625 0.5768518518518518 0.09791666666666667 0.17407407407407408
8 0.7208333333333333 0.575925925925926 0.10729166666666666 0.19074074074074074
2 0.5010416666666667 0.5833333333333334 0.09375 0.16666666666666666
12 0.2765625 0.5879629629629629 0.11041666666666666 0.1962962962962963
9 0.3984375 0.5898148148148148 0.096875 0.17222222222222222
10 0.014583333333333334 0.5097222222222222 0.029166666666666667 0.06018518518518518
5 0.9484375 0.5768518518518518 0.1015625 0.1388888888888889
8 0.8416666666666667 0.575925925925926 0.1203125 0.13425925925925927
12 0.1609375 0.5879629629629629 0.115625 0.15462962962962962
9 0.047135416666666666 0.5898148148148148 0.09427083333333333 0.1388888888888889