6 0.5307291666666667 0.5018518518518519 0.08333333333333333 0.05740740740740741
10 0.44166666666666665 0.5111111111111111 0.06666666666666667 0.06018518518518518
5 0.6140625 0.5768518518518518 0.1015625 0.1388888888888889
8 0.7208333333333333 0.575925925925926 0.1203125 0.13425925925925927
2 0.5010416666666667 0.5833333333333334 0.109375 0.12962962962962962
12 0.2765625 0.5879629629629629 0.115625 0.15462962962962962
9 0.3984375 0.5898148148148148 0.11041666666666666 0.1388888888888889
10 0.014583333333333334 0.5106481481481482 0.029166666666666667 0.06018518518518518
5 0.9484375 0.5768518518518518 0.1015625 0.1388888888888889
8 0.8416666666666667 0.575925925925926 0.1203125 0.13425925925925927
12 0.1609375 0.5879629629629629 0.115625 0.15462962962962962
9 0.047135416666666666 0.5898148148148148 0.09427083333333333 0.1388888888888889