6 0.5307291666666667 0.5018518518518519 0.06041666666666667 0.10925925925925926
10 0.44166666666666665 0.5101851851851852 0.05 0.08888888888888889
5 0.6140625 0.5768518518518518 0.09166666666666666 0.16296296296296298
8 0.7208333333333333 0.575925925925926 0.10625 0.19074074074074074
2 0.5010416666666667 0.5833333333333334 0.09166666666666666 0.16296296296296298
12 0.2765625 0.5879629629629629 0.10520833333333333 0.18703703703703703
9 0.3984375 0.5898148148148148 0.11041666666666666 0.1388888888888889
10 0.014583333333333334 0.5097222222222222 0.029166666666666667 0.06018518518518518
5 0.9484375 0.5768518518518518 0.1015625 0.1388888888888889
8 0.8416666666666667 0.575925925925926 0.1203125 0.13425925925925927
12 0.1609375 0.5879629629629629 0.115625 0.15462962962962962
9 0.047135416666666666 0.5898148148148148 0.09427083333333333 0.1388888888888889