6 0.5307291666666667 0.5018518518518519 0.06354166666666666 0.11296296296296296
10 0.44166666666666665 0.5111111111111111 0.06666666666666667 0.06111111111111111
5 0.6140625 0.575925925925926 0.10729166666666666 0.15555555555555556
8 0.7208333333333333 0.575925925925926 0.12604166666666666 0.15
2 0.5010416666666667 0.5833333333333334 0.09270833333333334 0.1648148148148148
12 0.2765625 0.5879629629629629 0.12395833333333334 0.17407407407407408
9 0.3984375 0.5898148148148148 0.11354166666666667 0.14814814814814814
10 0.014583333333333334 0.5106481481481482 0.029166666666666667 0.06018518518518518
5 0.9484375 0.575925925925926 0.1015625 0.1398148148148148
8 0.8416666666666667 0.575925925925926 0.1203125 0.13425925925925927
12 0.1609375 0.5879629629629629 0.115625 0.15462962962962962
9 0.047135416666666666 0.5898148148148148 0.09427083333333333 0.1388888888888889