6 0.5307291666666667 0.5018518518518519 0.059375 0.10740740740740741
10 0.44166666666666665 0.5111111111111111 0.05 0.08888888888888889
5 0.6140625 0.5768518518518518 0.09583333333333334 0.1685185185185185
8 0.7208333333333333 0.575925925925926 0.10104166666666667 0.17962962962962964
2 0.5010416666666667 0.5833333333333334 0.09791666666666667 0.17407407407407408
12 0.2765625 0.5879629629629629 0.10833333333333334 0.1925925925925926
9 0.3984375 0.5898148148148148 0.09583333333333334 0.17037037037037037
10 0.014583333333333334 0.5106481481481482 0.029166666666666667 0.06018518518518518
5 0.9484375 0.5768518518518518 0.1015625 0.1388888888888889
8 0.8416666666666667 0.575925925925926 0.1203125 0.13425925925925927
12 0.1609375 0.5879629629629629 0.115625 0.15462962962962962
9 0.047135416666666666 0.5898148148148148 0.09427083333333333 0.1388888888888889