10 0.35260416666666666 0.6518518518518519 0.042708333333333334 0.10555555555555556
5 0.39791666666666664 0.7694444444444445 0.13541666666666666 0.24259259259259258
4 0.5953125 0.7851851851851852 0.15729166666666666 0.2796296296296296
6 0.6994791666666667 0.7870370370370371 0.11041666666666666 0.34629629629629627
12 0.4984375 0.7898148148148149 0.1375 0.24444444444444444
9 0.3 0.7944444444444444 0.15208333333333332 0.2722222222222222
10 0.08489583333333334 0.6518518518518519 0.0375 0.10092592592592593
5 0.04348958333333333 0.7694444444444445 0.08697916666666666 0.29814814814814816
4 0.9591145833333333 0.7847222222222222 0.08177083333333333 0.33425925925925926
6 0.8630208333333333 0.7870370370370371 0.0953125 0.33425925925925926
9 0.1375 0.7944444444444444 0.1 0.3527777777777778