10 0.35260416666666666 0.6518518518518519 0.042708333333333334 0.10555555555555556
5 0.39791666666666664 0.7694444444444445 0.13229166666666667 0.23703703703703705
4 0.5953125 0.7851851851851852 0.14791666666666667 0.26296296296296295
6 0.6994791666666667 0.7870370370370371 0.10729166666666666 0.3425925925925926
12 0.4984375 0.7898148148148149 0.09375 0.3074074074074074
9 0.3 0.7944444444444444 0.12291666666666666 0.3685185185185185
10 0.08489583333333334 0.6518518518518519 0.0375 0.10092592592592593
5 0.04348958333333333 0.7694444444444445 0.08697916666666666 0.29814814814814816
4 0.9591145833333333 0.7847222222222222 0.08177083333333333 0.33425925925925926
6 0.8630208333333333 0.7870370370370371 0.0953125 0.33425925925925926
9 0.1375 0.7944444444444444 0.1 0.3527777777777778