10 0.35260416666666666 0.6518518518518519 0.0375 0.10092592592592593
5 0.3984375 0.7694444444444445 0.0953125 0.29814814814814816
4 0.5953125 0.7851851851851852 0.09739583333333333 0.33425925925925926
6 0.6994791666666667 0.7870370370370371 0.0953125 0.33425925925925926
12 0.4984375 0.7898148148148149 0.0921875 0.3055555555555556
9 0.3 0.7944444444444444 0.1 0.3527777777777778
10 0.08489583333333334 0.6518518518518519 0.0375 0.10092592592592593
5 0.043229166666666666 0.7694444444444445 0.08645833333333333 0.29814814814814816
4 0.9591145833333333 0.7847222222222222 0.08177083333333333 0.33425925925925926
6 0.8630208333333333 0.7870370370370371 0.0953125 0.33425925925925926
9 0.1375 0.7944444444444444 0.1 0.3527777777777778