4 0.6067708333333334 0.225 0.04895833333333333 0.08518518518518518
1 0.47239583333333335 0.2851851851851852 0.04583333333333333 0.10925925925925926
6 0.6286458333333333 0.29259259259259257 0.051041666666666666 0.1
8 0.48854166666666665 0.39166666666666666 0.057291666666666664 0.1037037037037037
0 0.7395833333333334 0.4083333333333333 0.04791666666666667 0.06111111111111111
3 0.7395833333333334 0.4935185185185185 0.06145833333333333 0.10925925925925926
10 0.5973958333333333 0.13148148148148148 0.04895833333333333 0.08703703703703704
13 0.7088541666666667 0.14814814814814814 0.0375 0.09074074074074075
4 0.9557291666666666 0.225 0.042708333333333334 0.08981481481481482
6 0.9338541666666667 0.29259259259259257 0.05 0.09814814814814815
0 0.8229166666666666 0.4083333333333333 0.04739583333333333 0.06018518518518518
3 0.8229166666666666 0.4935185185185185 0.05416666666666667 0.10555555555555556
10 0.9651041666666667 0.13148148148148148 0.04739583333333333 0.07962962962962963
13 0.8536458333333333 0.14814814814814814 0.034895833333333334 0.08703703703703704