2 0.49375 0.5592592592592592 0.05625 0.1
8 0.5541666666666667 0.5787037037037037 0.053125 0.09444444444444444
3 0.7145833333333333 0.5796296296296296 0.057291666666666664 0.17962962962962964
15 0.6125 0.587037037037037 0.05520833333333333 0.09814814814814815
10 0.5098958333333333 0.6444444444444445 0.053125 0.09444444444444444
5 0.6760416666666667 0.65 0.075 0.13333333333333333
0 0.5703125 0.6546296296296297 0.058333333333333334 0.10185185185185185
7 0.6354166666666666 0.7129629629629629 0.07395833333333333 0.13148148148148148
4 0.53125 0.7388888888888889 0.06770833333333333 0.12037037037037036
9 0.5953125 0.7777777777777778 0.053125 0.1648148148148148
11 0.5515625 0.8703703703703703 0.09375 0.16666666666666666
14 0.4786458333333333 0.4898148148148148 0.05625 0.1
12 0.5416666666666666 0.4935185185185185 0.04791666666666667 0.08333333333333333
6 0.5953125 0.49722222222222223 0.042708333333333334 0.10555555555555556
1 0.6505208333333333 0.5314814814814814 0.05 0.08888888888888889
8 0.99140625 0.5782407407407407 0.0171875 0.09166666666666666
3 0.8479166666666667 0.5796296296296296 0.05 0.17314814814814813
15 0.95 0.587037037037037 0.05260416666666667 0.08981481481481482
5 0.8864583333333333 0.65 0.0515625 0.15
0 0.9830729166666666 0.6546296296296297 0.033854166666666664 0.10740740740740741
7 0.9270833333333334 0.7129629629629629 0.05520833333333333 0.14444444444444443
9 0.9671875 0.7777777777777778 0.05260416666666667 0.1648148148148148
11 0.9861979166666667 0.8699074074074075 0.027604166666666666 0.16944444444444445
6 0.9671875 0.49722222222222223 0.0390625 0.10092592592592593
1 0.9119791666666667 0.5314814814814814 0.0390625 0.10092592592592593