2 0.49375 0.5592592592592592 0.06041666666666667 0.10740740740740741
8 0.5541666666666667 0.5787037037037037 0.05520833333333333 0.09814814814814815
3 0.7145833333333333 0.5796296296296296 0.08020833333333334 0.1425925925925926
15 0.6125 0.587037037037037 0.05625 0.0962962962962963
10 0.5098958333333333 0.6444444444444445 0.04479166666666667 0.1111111111111111
5 0.6760416666666667 0.65 0.06875 0.12222222222222222
0 0.5703125 0.6546296296296297 0.059375 0.10555555555555556
7 0.6354166666666666 0.7129629629629629 0.075 0.13333333333333333
4 0.53125 0.7388888888888889 0.065625 0.13703703703703704
9 0.5953125 0.7777777777777778 0.06145833333333333 0.17222222222222222
11 0.5515625 0.8703703703703703 0.08229166666666667 0.17777777777777778
14 0.4786458333333333 0.4898148148148148 0.05625 0.1
12 0.5416666666666666 0.4935185185185185 0.052083333333333336 0.09074074074074075
6 0.5953125 0.49722222222222223 0.040625 0.1037037037037037
1 0.6505208333333333 0.5314814814814814 0.040625 0.10185185185185185
8 0.99140625 0.5782407407407407 0.0171875 0.09166666666666666
3 0.8479166666666667 0.5796296296296296 0.05 0.17314814814814813
15 0.95 0.587037037037037 0.05260416666666667 0.08981481481481482
5 0.8864583333333333 0.65 0.0515625 0.15
0 0.9830729166666666 0.6546296296296297 0.033854166666666664 0.10740740740740741
7 0.9270833333333334 0.7129629629629629 0.05520833333333333 0.14444444444444443
9 0.9671875 0.7777777777777778 0.05260416666666667 0.1648148148148148
11 0.9861979166666667 0.8699074074074075 0.027604166666666666 0.16944444444444445
6 0.9671875 0.49722222222222223 0.0390625 0.10092592592592593
1 0.9119791666666667 0.5314814814814814 0.0390625 0.10092592592592593