2 0.49375 0.5592592592592592 0.059375 0.10555555555555556
8 0.5541666666666667 0.5777777777777777 0.051041666666666666 0.09444444444444444
3 0.7140625 0.5796296296296296 0.07395833333333333 0.13148148148148148
15 0.6125 0.587037037037037 0.05520833333333333 0.09444444444444444
10 0.5098958333333333 0.6444444444444445 0.05520833333333333 0.09814814814814815
5 0.6755208333333333 0.65 0.07604166666666666 0.13518518518518519
0 0.5703125 0.6546296296296297 0.05625 0.11481481481481481
7 0.6354166666666666 0.712037037037037 0.06875 0.12037037037037036
4 0.53125 0.7388888888888889 0.0625 0.13333333333333333
9 0.5953125 0.7777777777777778 0.06354166666666666 0.17407407407407408
11 0.5515625 0.8703703703703703 0.09479166666666666 0.1685185185185185
14 0.4786458333333333 0.4898148148148148 0.057291666666666664 0.10185185185185185
12 0.5411458333333333 0.4935185185185185 0.04895833333333333 0.09074074074074075
6 0.5953125 0.49722222222222223 0.040625 0.1037037037037037
1 0.65 0.5305555555555556 0.042708333333333334 0.10555555555555556
8 0.99140625 0.5773148148148148 0.0171875 0.09351851851851851
3 0.8484375 0.5796296296296296 0.05 0.17314814814814813
15 0.95 0.587037037037037 0.05260416666666667 0.08981481481481482
5 0.8869791666666667 0.65 0.05260416666666667 0.15
0 0.9828125 0.6546296296296297 0.034375 0.10925925925925926
7 0.9270833333333334 0.712037037037037 0.05520833333333333 0.14444444444444443
9 0.9671875 0.7777777777777778 0.05260416666666667 0.1648148148148148
11 0.9861979166666667 0.8699074074074075 0.027604166666666666 0.16944444444444445
6 0.9671875 0.49722222222222223 0.0390625 0.10092592592592593
1 0.9125 0.5305555555555556 0.04010416666666667 0.10092592592592593