2 0.49375 0.5592592592592592 0.05625 0.1
8 0.5541666666666667 0.5777777777777777 0.05416666666666667 0.0962962962962963
3 0.7140625 0.5796296296296296 0.08020833333333334 0.14074074074074075
15 0.6125 0.587037037037037 0.05520833333333333 0.09814814814814815
10 0.5098958333333333 0.6444444444444445 0.051041666666666666 0.09259259259259259
5 0.6760416666666667 0.65 0.057291666666666664 0.15555555555555556
0 0.5703125 0.6546296296296297 0.0625 0.1111111111111111
7 0.6354166666666666 0.7129629629629629 0.07395833333333333 0.13148148148148148
4 0.53125 0.7388888888888889 0.06875 0.12222222222222222
9 0.5953125 0.7777777777777778 0.07291666666666667 0.12962962962962962
11 0.5515625 0.8703703703703703 0.08229166666666667 0.17592592592592593
14 0.4786458333333333 0.4898148148148148 0.052083333333333336 0.10185185185185185
12 0.5416666666666666 0.4935185185185185 0.051041666666666666 0.08888888888888889
6 0.5953125 0.49722222222222223 0.042708333333333334 0.10555555555555556
1 0.65 0.5305555555555556 0.053125 0.09259259259259259
8 0.99140625 0.5773148148148148 0.0171875 0.09351851851851851
3 0.8484375 0.5796296296296296 0.05 0.17314814814814813
15 0.95 0.587037037037037 0.05260416666666667 0.08981481481481482
5 0.8864583333333333 0.65 0.0515625 0.15
0 0.9828125 0.6546296296296297 0.034375 0.10925925925925926
7 0.9270833333333334 0.7129629629629629 0.05520833333333333 0.14444444444444443
9 0.9671875 0.7777777777777778 0.05260416666666667 0.1648148148148148
11 0.9861979166666667 0.8699074074074075 0.027604166666666666 0.16944444444444445
6 0.9671875 0.49722222222222223 0.0390625 0.10092592592592593
1 0.9125 0.5305555555555556 0.04010416666666667 0.10092592592592593