7 0.5286458333333334 0.5666666666666667 0.134375 0.37407407407407406
6 0.5458333333333333 0.058333333333333334 0.065625 0.11481481481481481
14 0.384375 0.5796296296296296 0.18020833333333333 0.40925925925925927
12 0.4432291666666667 0.13796296296296295 0.08333333333333333 0.15555555555555556
15 0.5390625 0.15462962962962962 0.078125 0.1388888888888889
4 0.6208333333333333 0.1675925925925926 0.08020833333333334 0.1425925925925926
8 0.7171875 0.2851851851851852 0.09375 0.17222222222222222
0 0.5375 0.29259259259259257 0.10625 0.18888888888888888
9 0.6291666666666667 0.30092592592592593 0.10104166666666667 0.1814814814814815
1 0.4239583333333333 0.3194444444444444 0.12708333333333333 0.22777777777777777
10 0.4591145833333333 0.04861111111111111 0.059895833333333336 0.09722222222222222
4 0.7333333333333333 0.47314814814814815 0.12708333333333333 0.22592592592592592
5 0.6458333333333334 0.4981481481481482 0.13541666666666666 0.32407407407407407
7 0.9856770833333334 0.5666666666666667 0.028645833333333332 0.3648148148148148
6 0.9908854166666666 0.05787037037037037 0.018229166666666668 0.10092592592592593
14 0.0671875 0.5796296296296296 0.134375 0.387037037037037
12 0.016927083333333332 0.1375 0.033854166666666664 0.15092592592592594
15 0.98984375 0.15416666666666667 0.0203125 0.12314814814814815
4 0.9416666666666667 0.1675925925925926 0.078125 0.11944444444444445
8 0.8453125 0.2851851851851852 0.08697916666666666 0.15925925925925927
0 0.9888020833333333 0.29259259259259257 0.022395833333333334 0.18518518518518517
9 0.9333333333333333 0.30092592592592593 0.08697916666666666 0.18055555555555555
1 0.037760416666666664 0.3194444444444444 0.07552083333333333 0.1962962962962963
4 0.8291666666666667 0.47314814814814815 0.0953125 0.2712962962962963
5 0.9166666666666666 0.4981481481481482 0.115625 0.30277777777777776