7 0.5286458333333334 0.5666666666666667 0.140625 0.3814814814814815
6 0.5455729166666666 0.05925925925925926 0.06822916666666666 0.11851851851851852
14 0.3848958333333333 0.5796296296296296 0.17708333333333334 0.40555555555555556
12 0.4432291666666667 0.13796296296296295 0.0875 0.1574074074074074
15 0.5390625 0.15462962962962962 0.07916666666666666 0.1388888888888889
4 0.6208333333333333 0.1675925925925926 0.08125 0.14444444444444443
8 0.7171875 0.2851851851851852 0.090625 0.15925925925925927
0 0.5375 0.29259259259259257 0.103125 0.18333333333333332
9 0.6291666666666667 0.30092592592592593 0.10104166666666667 0.17962962962962964
1 0.4239583333333333 0.3194444444444444 0.11979166666666667 0.21296296296296297
10 0.459375 0.05 0.0625 0.1
4 0.7333333333333333 0.47314814814814815 0.12395833333333334 0.22037037037037038
5 0.6458333333333334 0.49907407407407406 0.14791666666666667 0.26296296296296295
7 0.9856770833333334 0.5666666666666667 0.028645833333333332 0.3648148148148148
6 0.9908854166666666 0.05787037037037037 0.018229166666666668 0.10092592592592593
14 0.06692708333333333 0.5796296296296296 0.13385416666666666 0.387037037037037
12 0.016927083333333332 0.1375 0.033854166666666664 0.15092592592592594
15 0.98984375 0.15416666666666667 0.0203125 0.12314814814814815
4 0.9416666666666667 0.1675925925925926 0.078125 0.11944444444444445
8 0.8453125 0.2851851851851852 0.08697916666666666 0.15925925925925927
0 0.9888020833333333 0.29259259259259257 0.022395833333333334 0.18518518518518517
9 0.9333333333333333 0.30092592592592593 0.08697916666666666 0.18055555555555555
1 0.037760416666666664 0.3194444444444444 0.07552083333333333 0.1962962962962963
4 0.8291666666666667 0.47314814814814815 0.0953125 0.2712962962962963
5 0.9166666666666666 0.49907407407407406 0.11510416666666666 0.30092592592592593