13 0.6697916666666667 0.6055555555555555 0.08125 0.2212962962962963
1 0.49114583333333334 0.6157407407407407 0.07708333333333334 0.2074074074074074
15 0.41302083333333334 0.7046296296296296 0.08697916666666666 0.20462962962962963
3 0.5979166666666667 0.7092592592592593 0.08489583333333334 0.2638888888888889
5 0.528125 0.8083333333333333 0.08229166666666667 0.24444444444444444
10 0.5614583333333333 0.09259259259259259 0.07447916666666667 0.16018518518518518
7 0.44479166666666664 0.9037037037037037 0.0953125 0.19166666666666668
12 0.4921875 0.175 0.0796875 0.15462962962962962
2 0.42239583333333336 0.25277777777777777 0.07708333333333334 0.1685185185185185
0 0.5916666666666667 0.2537037037037037 0.0640625 0.14444444444444443
4 0.5328125 0.3453703703703704 0.08333333333333333 0.16944444444444445
14 0.35260416666666666 0.34629629629629627 0.0796875 0.18981481481481483
9 0.6359375 0.41203703703703703 0.08229166666666667 0.17777777777777778
6 0.45208333333333334 0.4222222222222222 0.08125 0.1638888888888889
11 0.5651041666666666 0.5111111111111111 0.08489583333333334 0.17314814814814813
8 0.38333333333333336 0.5259259259259259 0.08125 0.1648148148148148
13 0.8927083333333333 0.6055555555555555 0.08125 0.2212962962962963
15 0.033854166666666664 0.7041666666666667 0.06770833333333333 0.20462962962962963
3 0.9609375 0.7087962962962963 0.078125 0.2638888888888889
10 0.9817708333333334 0.09212962962962963 0.036458333333333336 0.16018518518518518
7 0.020052083333333335 0.9032407407407408 0.04010416666666667 0.19166666666666668
2 0.026822916666666665 0.25277777777777777 0.05364583333333333 0.1685185185185185
0 0.9692708333333333 0.2537037037037037 0.06145833333333333 0.14444444444444443
14 0.08489583333333334 0.34629629629629627 0.0796875 0.18981481481481483
9 0.9265625 0.41203703703703703 0.08229166666666667 0.17777777777777778
6 0.013020833333333334 0.4217592592592593 0.026041666666666668 0.1638888888888889
11 0.97734375 0.5106481481481482 0.0453125 0.17314814814814813
8 0.05416666666666667 0.5259259259259259 0.08125 0.1648148148148148