13 0.6697916666666667 0.6055555555555555 0.11458333333333333 0.2037037037037037
1 0.49114583333333334 0.6148148148148148 0.103125 0.18518518518518517
15 0.41302083333333334 0.7046296296296296 0.09791666666666667 0.22037037037037038
3 0.5979166666666667 0.7092592592592593 0.12604166666666666 0.22592592592592592
5 0.528125 0.8083333333333333 0.11666666666666667 0.20555555555555555
10 0.5614583333333333 0.09166666666666666 0.08958333333333333 0.15925925925925927
7 0.4440104166666667 0.9027777777777778 0.10989583333333333 0.19444444444444445
12 0.49166666666666664 0.175 0.084375 0.16296296296296298
2 0.42239583333333336 0.25277777777777777 0.0875 0.15555555555555556
0 0.5916666666666667 0.2537037037037037 0.07604166666666666 0.13518518518518519
4 0.5322916666666667 0.34444444444444444 0.096875 0.17222222222222222
14 0.35260416666666666 0.34629629629629627 0.09895833333333333 0.17777777777777778
9 0.6359375 0.41203703703703703 0.090625 0.18888888888888888
6 0.45208333333333334 0.4212962962962963 0.09375 0.16666666666666666
11 0.5651041666666666 0.5111111111111111 0.08854166666666667 0.17962962962962964
8 0.38333333333333336 0.5259259259259259 0.09166666666666666 0.16296296296296298
13 0.8927083333333333 0.6055555555555555 0.08125 0.2212962962962963
15 0.033854166666666664 0.7041666666666667 0.06770833333333333 0.20462962962962963
3 0.9609375 0.7087962962962963 0.078125 0.2638888888888889
10 0.9817708333333334 0.0912037037037037 0.036458333333333336 0.16018518518518518
7 0.020572916666666666 0.9032407407407408 0.04114583333333333 0.19166666666666668
2 0.026822916666666665 0.25277777777777777 0.05364583333333333 0.1685185185185185
0 0.9692708333333333 0.2537037037037037 0.06145833333333333 0.14444444444444443
14 0.08489583333333334 0.34629629629629627 0.0796875 0.18981481481481483
9 0.9265625 0.41203703703703703 0.08229166666666667 0.17777777777777778
6 0.013020833333333334 0.42083333333333334 0.026041666666666668 0.1638888888888889
11 0.97734375 0.5106481481481482 0.0453125 0.17314814814814813
8 0.05416666666666667 0.5259259259259259 0.08125 0.1648148148148148