13 0.6697916666666667 0.6055555555555555 0.11145833333333334 0.19814814814814816
1 0.49114583333333334 0.6148148148148148 0.090625 0.2222222222222222
15 0.41302083333333334 0.7046296296296296 0.109375 0.19444444444444445
3 0.5979166666666667 0.7092592592592593 0.12604166666666666 0.22592592592592592
5 0.528125 0.8074074074074075 0.09166666666666666 0.25555555555555554
10 0.5614583333333333 0.09259259259259259 0.075 0.15925925925925927
7 0.44453125 0.9023148148148148 0.1109375 0.19537037037037036
12 0.49166666666666664 0.175 0.08854166666666667 0.1685185185185185
2 0.42239583333333336 0.25277777777777777 0.09270833333333334 0.1648148148148148
0 0.5916666666666667 0.2537037037037037 0.07395833333333333 0.13148148148148148
4 0.5328125 0.3453703703703704 0.08854166666666667 0.17777777777777778
14 0.35260416666666666 0.34629629629629627 0.09166666666666666 0.2037037037037037
9 0.6359375 0.41203703703703703 0.090625 0.16111111111111112
6 0.45208333333333334 0.4212962962962963 0.09583333333333334 0.1685185185185185
11 0.5651041666666666 0.5111111111111111 0.09479166666666666 0.1685185185185185
8 0.38333333333333336 0.5259259259259259 0.08958333333333333 0.15925925925925927
13 0.8927083333333333 0.6055555555555555 0.08125 0.2212962962962963
15 0.033854166666666664 0.7041666666666667 0.06770833333333333 0.20462962962962963
3 0.9609375 0.7087962962962963 0.078125 0.2638888888888889
10 0.9817708333333334 0.09212962962962963 0.036458333333333336 0.16018518518518518
7 0.020052083333333335 0.9032407407407408 0.04010416666666667 0.19166666666666668
2 0.026822916666666665 0.25277777777777777 0.05364583333333333 0.1685185185185185
0 0.9692708333333333 0.2537037037037037 0.06145833333333333 0.14444444444444443
14 0.08489583333333334 0.34629629629629627 0.0796875 0.18981481481481483
9 0.9265625 0.41203703703703703 0.08229166666666667 0.17777777777777778
6 0.013020833333333334 0.42083333333333334 0.026041666666666668 0.1638888888888889
11 0.97734375 0.5106481481481482 0.0453125 0.17314814814814813
8 0.05416666666666667 0.5259259259259259 0.08125 0.1648148148148148