8 0.515625 0.6509259259259259 0.084375 0.262037037037037
10 0.40208333333333335 0.700925925925926 0.1015625 0.262037037037037
12 0.5875 0.8194444444444444 0.09270833333333334 0.28055555555555556
2 0.4671875 0.8833333333333333 0.09114583333333333 0.2324074074074074
5 0.5796875 0.1574074074074074 0.084375 0.24351851851851852
7 0.4875 0.16111111111111112 0.08229166666666667 0.31666666666666665
9 0.4041666666666667 0.23055555555555557 0.08489583333333334 0.262037037037037
11 0.3078125 0.25833333333333336 0.09010416666666667 0.32592592592592595
1 0.6463541666666667 0.34814814814814815 0.0859375 0.22777777777777777
15 0.5401041666666667 0.3888888888888889 0.08072916666666667 0.25
4 0.35 0.48333333333333334 0.0953125 0.24444444444444444
6 0.6151041666666667 0.5648148148148148 0.07291666666666667 0.2796296296296296
10 0.04296875 0.700462962962963 0.0859375 0.262037037037037
12 0.9643229166666667 0.8189814814814815 0.07135416666666666 0.28055555555555556
5 0.9703125 0.15694444444444444 0.059375 0.24351851851851852
9 0.037760416666666664 0.2300925925925926 0.07552083333333333 0.262037037037037
11 0.1296875 0.25833333333333336 0.09010416666666667 0.32592592592592595
1 0.9161458333333333 0.34814814814814815 0.0859375 0.22777777777777777
15 0.9908854166666666 0.3888888888888889 0.018229166666666668 0.25
4 0.0875 0.48333333333333334 0.0953125 0.24444444444444444
6 0.9473958333333333 0.5648148148148148 0.07291666666666667 0.2796296296296296