8 0.515625 0.6509259259259259 0.1 0.2740740740740741
10 0.40208333333333335 0.700925925925926 0.13854166666666667 0.2462962962962963
12 0.5875 0.8194444444444444 0.1375 0.24444444444444444
2 0.4671875 0.8833333333333333 0.11770833333333333 0.2074074074074074
5 0.5796875 0.1574074074074074 0.09270833333333334 0.2518518518518518
7 0.4875 0.16111111111111112 0.1375 0.24444444444444444
9 0.4041666666666667 0.23055555555555557 0.08958333333333333 0.26481481481481484
11 0.3078125 0.25833333333333336 0.10729166666666666 0.3388888888888889
1 0.6463541666666667 0.34814814814814815 0.11458333333333333 0.2037037037037037
15 0.540625 0.3888888888888889 0.08541666666666667 0.25555555555555554
4 0.3494791666666667 0.4824074074074074 0.121875 0.21666666666666667
6 0.6151041666666667 0.5648148148148148 0.11770833333333333 0.2074074074074074
10 0.04296875 0.700462962962963 0.0859375 0.262037037037037
12 0.9643229166666667 0.8189814814814815 0.07135416666666666 0.28055555555555556
5 0.9703125 0.15694444444444444 0.059375 0.24351851851851852
9 0.03802083333333333 0.2300925925925926 0.07604166666666666 0.262037037037037
11 0.1296875 0.25833333333333336 0.09010416666666667 0.32592592592592595
1 0.9161458333333333 0.34814814814814815 0.0859375 0.22777777777777777
15 0.9908854166666666 0.3888888888888889 0.018229166666666668 0.25
4 0.08802083333333334 0.4824074074074074 0.09635416666666667 0.2462962962962963
6 0.9473958333333333 0.5648148148148148 0.07291666666666667 0.2796296296296296