8 0.515625 0.6509259259259259 0.08541666666666667 0.26296296296296295
10 0.40208333333333335 0.700925925925926 0.12708333333333333 0.22777777777777777
12 0.5875 0.8194444444444444 0.12604166666666666 0.22407407407407406
2 0.4669270833333333 0.8800925925925925 0.1015625 0.23981481481481481
5 0.5796875 0.1574074074074074 0.11666666666666667 0.20555555555555555
7 0.4875 0.16111111111111112 0.13541666666666666 0.24074074074074073
9 0.4041666666666667 0.23055555555555557 0.121875 0.21666666666666667
11 0.3078125 0.25833333333333336 0.13958333333333334 0.25
1 0.6463541666666667 0.34814814814814815 0.109375 0.19444444444444445
15 0.540625 0.3888888888888889 0.12291666666666666 0.21851851851851853
4 0.3494791666666667 0.4824074074074074 0.13020833333333334 0.23148148148148148
6 0.6151041666666667 0.5648148148148148 0.12604166666666666 0.2222222222222222
10 0.04296875 0.700462962962963 0.0859375 0.262037037037037
12 0.9643229166666667 0.8189814814814815 0.07135416666666666 0.28055555555555556
5 0.9703125 0.15694444444444444 0.059375 0.24351851851851852
9 0.03802083333333333 0.2300925925925926 0.07604166666666666 0.262037037037037
11 0.1296875 0.25833333333333336 0.09010416666666667 0.32592592592592595
1 0.9161458333333333 0.34814814814814815 0.0859375 0.22777777777777777
15 0.9908854166666666 0.3888888888888889 0.018229166666666668 0.25
4 0.08802083333333334 0.4824074074074074 0.09635416666666667 0.2462962962962963
6 0.9473958333333333 0.5648148148148148 0.07291666666666667 0.2796296296296296