15 0.4744791666666667 0.5648148148148148 0.10520833333333333 0.18703703703703703
5 0.55625 0.5916666666666667 0.12395833333333334 0.21851851851851853
9 0.37604166666666666 0.35185185185185186 0.059375 0.10555555555555556
10 0.2859375 0.44166666666666665 0.10520833333333333 0.18703703703703703
14 0.5692708333333333 0.46111111111111114 0.07083333333333333 0.1259259259259259
12 0.346875 0.49444444444444446 0.10520833333333333 0.18703703703703703
4 0.403125 0.5212962962962963 0.1 0.17777777777777778
5 0.98046875 0.5912037037037037 0.0390625 0.25277777777777777
9 0.06145833333333333 0.35185185185185186 0.06458333333333334 0.0824074074074074
10 0.1515625 0.44166666666666665 0.0578125 0.24351851851851852
14 0.97734375 0.46111111111111114 0.0453125 0.09814814814814815
12 0.090625 0.49444444444444446 0.0578125 0.2388888888888889
4 0.034375 0.5212962962962963 0.06458333333333334 0.23981481481481481