15 0.4744791666666667 0.5648148148148148 0.11354166666666667 0.20185185185185187
5 0.55625 0.5916666666666667 0.10104166666666667 0.26481481481481484
9 0.37604166666666666 0.35185185185185186 0.05625 0.1
10 0.2859375 0.44166666666666665 0.10625 0.18888888888888888
14 0.5692708333333333 0.46111111111111114 0.06770833333333333 0.12222222222222222
12 0.346875 0.4935185185185185 0.10625 0.19074074074074074
4 0.403125 0.5212962962962963 0.08125 0.25
5 0.98046875 0.5912037037037037 0.0390625 0.25277777777777777
9 0.06145833333333333 0.35185185185185186 0.06458333333333334 0.0824074074074074
10 0.1515625 0.44166666666666665 0.0578125 0.24351851851851852
14 0.97734375 0.46111111111111114 0.0453125 0.09814814814814815
12 0.090625 0.4935185185185185 0.0578125 0.2388888888888889
4 0.034375 0.5212962962962963 0.06458333333333334 0.23981481481481481