3 0.5489583333333333 0.5231481481481481 0.06875 0.12037037037037036
4 0.3890625 0.5342592592592592 0.06770833333333333 0.12037037037037036
14 0.5026041666666666 0.6268518518518519 0.078125 0.1388888888888889
11 0.325 0.6296296296296297 0.08125 0.15555555555555556
8 0.6447916666666667 0.6351851851851852 0.07916666666666666 0.14074074074074075
13 0.44427083333333334 0.8648148148148148 0.1 0.14074074074074075
9 0.6739583333333333 0.1361111111111111 0.07083333333333333 0.1259259259259259
7 0.5979166666666667 0.15555555555555556 0.06979166666666667 0.12407407407407407
2 0.2984375 0.1824074074074074 0.06041666666666667 0.11851851851851852
0 0.4546875 0.19074074074074074 0.075 0.13333333333333333
1 0.5677083333333334 0.25833333333333336 0.06041666666666667 0.1259259259259259
6 0.6354166666666666 0.3055555555555556 0.06979166666666667 0.12407407407407407
15 0.42083333333333334 0.3148148148148148 0.06354166666666666 0.1425925925925926
10 0.32916666666666666 0.3277777777777778 0.075 0.13333333333333333
5 0.48489583333333336 0.3685185185185185 0.084375 0.15
12 0.6135416666666667 0.45555555555555555 0.075 0.13333333333333333
3 0.9919270833333333 0.5231481481481481 0.016145833333333335 0.11481481481481481
4 0.0484375 0.5342592592592592 0.0578125 0.12777777777777777
11 0.1125 0.6296296296296297 0.07552083333333333 0.14444444444444443
8 0.9177083333333333 0.6351851851851852 0.06458333333333334 0.1527777777777778
13 0.020572916666666666 0.8643518518518518 0.04114583333333333 0.13425925925925927
9 0.8885416666666667 0.1361111111111111 0.05 0.15092592592592594
7 0.9645833333333333 0.15555555555555556 0.0671875 0.11481481481481481
2 0.1390625 0.1824074074074074 0.05416666666666667 0.10925925925925926
1 0.9822916666666667 0.25833333333333336 0.035416666666666666 0.1259259259259259
6 0.9270833333333334 0.3055555555555556 0.05677083333333333 0.13425925925925927
15 0.022395833333333334 0.3143518518518518 0.04479166666666667 0.13240740740740742
10 0.10833333333333334 0.3277777777777778 0.0703125 0.12777777777777777
12 0.9489583333333333 0.45555555555555555 0.0671875 0.125