8 0.2765625 0.825 0.11458333333333333 0.2037037037037037
10 0.3828125 0.825925925925926 0.109375 0.19444444444444445
6 0.6041666666666666 0.825 0.11770833333333333 0.20925925925925926
0 0.7197916666666667 0.8314814814814815 0.10729166666666666 0.19074074074074074
4 0.4942708333333333 0.8342592592592593 0.12708333333333333 0.22592592592592592
7 0.3802083333333333 0.1398148148148148 0.09166666666666666 0.24814814814814815
3 0.60625 0.15648148148148147 0.07916666666666666 0.23703703703703705
1 0.496875 0.15833333333333333 0.096875 0.24444444444444444
5 0.2755208333333333 0.15833333333333333 0.121875 0.21666666666666667
9 0.7161458333333334 0.16018518518518518 0.13020833333333334 0.23148148148148148
2 0.7130208333333333 0.4842592592592593 0.075 0.26851851851851855
11 0.3854166666666667 0.4888888888888889 0.11041666666666666 0.1962962962962963
15 0.278125 0.4888888888888889 0.12604166666666666 0.22407407407407406
12 0.49114583333333334 0.4888888888888889 0.08958333333333333 0.24259259259259258
14 0.6067708333333334 0.49722222222222223 0.11666666666666667 0.2074074074074074
8 0.1609375 0.825 0.0875 0.23981481481481481
10 0.0546875 0.825925925925926 0.084375 0.2
6 0.9583333333333334 0.825 0.07552083333333333 0.24444444444444444
0 0.8427083333333333 0.8314814814814815 0.08125 0.2351851851851852
7 0.057291666666666664 0.1398148148148148 0.08229166666666667 0.23981481481481481
3 0.95625 0.15648148148148147 0.07708333333333334 0.2351851851851852
5 0.16197916666666667 0.15833333333333333 0.0875 0.26666666666666666
9 0.8463541666666666 0.16018518518518518 0.08697916666666666 0.262037037037037
2 0.8494791666666667 0.4842592592592593 0.07447916666666667 0.26666666666666666
11 0.052083333333333336 0.4888888888888889 0.084375 0.23981481481481481
15 0.159375 0.4888888888888889 0.0875 0.25277777777777777
14 0.9557291666666666 0.49722222222222223 0.07447916666666667 0.24814814814814815