15 0.4359375 0.6046296296296296 0.13541666666666666 0.22407407407407406
0 0.30572916666666666 0.612037037037037 0.134375 0.23148148148148148
11 0.6932291666666667 0.6148148148148148 0.11666666666666667 0.2074074074074074
1 0.5635416666666667 0.6212962962962963 0.13229166666666667 0.23703703703703705
5 0.5651041666666666 0.8333333333333334 0.11666666666666667 0.2074074074074074
7 0.4395833333333333 0.8398148148148148 0.11458333333333333 0.2037037037037037
9 0.30833333333333335 0.85 0.128125 0.22777777777777777
3 0.6895833333333333 0.85 0.13125 0.23333333333333334
12 0.6895833333333333 0.15555555555555556 0.121875 0.21666666666666667
14 0.4348958333333333 0.1574074074074074 0.11979166666666667 0.21481481481481482
14 0.30885416666666665 0.15925925925925927 0.134375 0.22592592592592592
2 0.5666666666666667 0.1648148148148148 0.12083333333333333 0.21481481481481482
6 0.5640625 0.37962962962962965 0.13229166666666667 0.2351851851851852
8 0.43697916666666664 0.38425925925925924 0.125 0.2222222222222222
10 0.30833333333333335 0.38425925925925924 0.13645833333333332 0.24259259259259258
4 0.6854166666666667 0.38981481481481484 0.10833333333333334 0.2111111111111111
15 0.03203125 0.6046296296296296 0.0640625 0.2074074074074074
0 0.13177083333333334 0.612037037037037 0.128125 0.21851851851851853
11 0.8692708333333333 0.6148148148148148 0.1203125 0.18981481481481483
1 0.9690104166666667 0.6212962962962963 0.06197916666666667 0.21851851851851853
5 0.9713541666666666 0.8333333333333334 0.057291666666666664 0.19444444444444445
7 0.026302083333333334 0.8393518518518519 0.05260416666666667 0.18981481481481483
9 0.12916666666666668 0.85 0.12447916666666667 0.19444444444444445
3 0.8729166666666667 0.85 0.12083333333333333 0.2101851851851852
12 0.8729166666666667 0.15555555555555556 0.10520833333333333 0.2074074074074074
14 0.028645833333333332 0.1574074074074074 0.057291666666666664 0.21666666666666667
14 0.12864583333333332 0.15925925925925927 0.12291666666666666 0.20462962962962963
2 0.9697916666666667 0.1648148148148148 0.06041666666666667 0.20925925925925926
6 0.97109375 0.37962962962962965 0.0578125 0.22777777777777777
8 0.028385416666666666 0.3837962962962963 0.05677083333333333 0.20462962962962963
10 0.12916666666666668 0.38425925925925924 0.12447916666666667 0.21851851851851853
4 0.8770833333333333 0.38981481481481484 0.10520833333333333 0.20462962962962963