5 0.4588541666666667 0.5509259259259259 0.05677083333333333 0.1648148148148148
1 0.546875 0.575 0.05 0.15555555555555556
15 0.665625 0.7981481481481482 0.059375 0.1648148148148148
14 0.4427083333333333 0.175 0.05416666666666667 0.12777777777777777
2 0.5692708333333333 0.275 0.059375 0.12777777777777777
0 0.5 0.39814814814814814 0.05 0.13425925925925927
6 0.55625 0.4 0.06041666666666667 0.1638888888888889
15 0.896875 0.7981481481481482 0.059375 0.1648148148148148
14 0.0109375 0.175 0.021875 0.12777777777777777
2 0.9817708333333334 0.275 0.036458333333333336 0.12777777777777777
6 0.9880208333333333 0.399537037037037 0.023958333333333335 0.1638888888888889