5 0.4588541666666667 0.5509259259259259 0.07708333333333334 0.13703703703703704
1 0.546875 0.575 0.06979166666666667 0.12407407407407407
15 0.665625 0.7981481481481482 0.06770833333333333 0.17407407407407408
14 0.4427083333333333 0.175 0.06145833333333333 0.13703703703703704
2 0.5692708333333333 0.275 0.07083333333333333 0.1259259259259259
0 0.5 0.39814814814814814 0.06875 0.12222222222222222
6 0.55625 0.4 0.08125 0.14444444444444443
15 0.896875 0.7981481481481482 0.059375 0.1648148148148148
14 0.0109375 0.175 0.021875 0.12777777777777777
2 0.9817708333333334 0.275 0.036458333333333336 0.12777777777777777
6 0.9880208333333333 0.399537037037037 0.023958333333333335 0.1638888888888889