5 0.4583333333333333 0.5509259259259259 0.08229166666666667 0.14444444444444443
1 0.546875 0.575 0.075 0.13518518518518519
15 0.665625 0.7981481481481482 0.07916666666666666 0.14074074074074075
14 0.4427083333333333 0.175 0.065625 0.11666666666666667
2 0.5692708333333333 0.275 0.071875 0.12777777777777777
0 0.5 0.39814814814814814 0.06770833333333333 0.12037037037037036
6 0.55625 0.4 0.08020833333333334 0.1425925925925926
15 0.896875 0.7981481481481482 0.059375 0.1648148148148148
14 0.0109375 0.175 0.021875 0.12777777777777777
2 0.9817708333333334 0.275 0.036458333333333336 0.12777777777777777
6 0.98828125 0.399537037037037 0.0234375 0.1638888888888889