4 0.36666666666666664 0.6425925925925926 0.09479166666666666 0.1685185185185185
1 0.6182291666666667 0.6518518518518519 0.10104166666666667 0.17962962962962964
15 0.5333333333333333 0.6518518518518519 0.09583333333333334 0.17037037037037037
0 0.44583333333333336 0.6648148148148149 0.08541666666666667 0.15185185185185185
11 0.31875 0.825925925925926 0.103125 0.18333333333333332
9 0.40989583333333335 0.8398148148148148 0.08541666666666667 0.22407407407407406
3 0.6598958333333333 0.8416666666666667 0.115625 0.20555555555555555
5 0.5760416666666667 0.8416666666666667 0.08333333333333333 0.19444444444444445
7 0.490625 0.85 0.10833333333333334 0.19074074074074074
14 0.49114583333333334 0.16296296296296298 0.08333333333333333 0.1648148148148148
2 0.4484375 0.3148148148148148 0.075 0.16666666666666666
12 0.5333333333333333 0.325 0.075 0.15185185185185185
10 0.40677083333333336 0.4759259259259259 0.08229166666666667 0.14444444444444443
6 0.5729166666666666 0.48518518518518516 0.07916666666666666 0.14074074074074075
8 0.4901041666666667 0.487962962962963 0.08333333333333333 0.14814814814814814
4 0.07083333333333333 0.6425925925925926 0.06927083333333334 0.1824074074074074
1 0.9442708333333333 0.6518518518518519 0.0859375 0.17314814814814813
0 0.013541666666666667 0.6648148148148149 0.027083333333333334 0.15925925925925927
11 0.11875 0.825925925925926 0.084375 0.18981481481481483
9 0.03229166666666667 0.8393518518518519 0.06458333333333334 0.21388888888888888
3 0.9026041666666667 0.8416666666666667 0.0796875 0.23055555555555557
5 0.9739583333333334 0.8416666666666667 0.052083333333333336 0.18703703703703703
2 0.011197916666666667 0.3148148148148148 0.022395833333333334 0.1574074074074074
10 0.03359375 0.4759259259259259 0.0671875 0.15925925925925927
6 0.9778645833333334 0.48518518518518516 0.044270833333333336 0.15555555555555556