6 0.6984375 0.4981481481481482 0.15729166666666666 0.2796296296296296
10 0.4942708333333333 0.5018518518518519 0.16875 0.3
2 0.2994791666666667 0.5064814814814815 0.16041666666666668 0.31666666666666665
0 0.7041666666666667 0.8444444444444444 0.15104166666666666 0.3111111111111111
15 0.49947916666666664 0.8490740740740741 0.16979166666666667 0.30185185185185187
4 0.3015625 0.8546296296296296 0.14895833333333333 0.29074074074074074
14 0.50234375 0.1361111111111111 0.1546875 0.2722222222222222
12 0.7015625 0.13703703703703704 0.15208333333333332 0.2722222222222222
8 0.30078125 0.14212962962962963 0.1640625 0.28425925925925927
6 0.8640625 0.4981481481481482 0.14739583333333334 0.2935185185185185
2 0.13802083333333334 0.5064814814814815 0.14583333333333334 0.29444444444444445
0 0.8583333333333333 0.8490740740740741 0.1375 0.30092592592592593
4 0.1359375 0.8546296296296296 0.1484375 0.2898148148148148
12 0.8609375 0.13703703703703704 0.1484375 0.25277777777777777
8 0.13645833333333332 0.1388888888888889 0.14739583333333334 0.275