6 0.6984375 0.4981481481481482 0.165625 0.29444444444444445
10 0.4942708333333333 0.5018518518518519 0.17708333333333334 0.3037037037037037
2 0.2994791666666667 0.5064814814814815 0.17083333333333334 0.3037037037037037
0 0.70390625 0.8425925925925926 0.15572916666666667 0.3148148148148148
15 0.49921875 0.8467592592592592 0.17447916666666666 0.30648148148148147
4 0.30130208333333336 0.8523148148148149 0.1546875 0.2953703703703704
14 0.5020833333333333 0.13657407407407407 0.15625 0.27314814814814814
12 0.7015625 0.13703703703703704 0.14583333333333334 0.2611111111111111
8 0.30078125 0.14351851851851852 0.1671875 0.28703703703703703
6 0.8640625 0.4981481481481482 0.14739583333333334 0.2935185185185185
2 0.13802083333333334 0.5064814814814815 0.14583333333333334 0.29444444444444445
0 0.8583333333333333 0.8490740740740741 0.1375 0.30092592592592593
4 0.1359375 0.8546296296296296 0.1484375 0.2898148148148148
12 0.8609375 0.13703703703703704 0.1484375 0.25277777777777777
8 0.13645833333333332 0.1388888888888889 0.14739583333333334 0.275