6 0.6984375 0.4981481481481482 0.16041666666666668 0.2851851851851852
10 0.49375 0.5018518518518519 0.18229166666666666 0.32407407407407407
2 0.2994791666666667 0.5055555555555555 0.16875 0.3
0 0.7041666666666667 0.8490740740740741 0.16354166666666667 0.29074074074074074
15 0.49921875 0.8476851851851852 0.15260416666666668 0.30462962962962964
4 0.30130208333333336 0.8541666666666666 0.1640625 0.2916666666666667
14 0.50234375 0.13703703703703704 0.16510416666666666 0.2740740740740741
12 0.70078125 0.1388888888888889 0.15885416666666666 0.2777777777777778
8 0.30078125 0.14444444444444443 0.1640625 0.28888888888888886
6 0.8640625 0.4981481481481482 0.14739583333333334 0.2935185185185185
2 0.13802083333333334 0.5055555555555555 0.14583333333333334 0.29444444444444445
0 0.8583333333333333 0.8490740740740741 0.1375 0.30092592592592593
4 0.1359375 0.8546296296296296 0.1484375 0.2898148148148148
12 0.8614583333333333 0.13703703703703704 0.14895833333333333 0.25277777777777777
8 0.13645833333333332 0.1388888888888889 0.14739583333333334 0.275