6 0.6984375 0.4981481481481482 0.15833333333333333 0.3111111111111111
10 0.4942708333333333 0.5018518518518519 0.18541666666666667 0.31851851851851853
2 0.2994791666666667 0.5064814814814815 0.165625 0.29444444444444445
0 0.7041666666666667 0.8490740740740741 0.16354166666666667 0.29074074074074074
15 0.49921875 0.8462962962962963 0.15677083333333333 0.3074074074074074
4 0.30130208333333336 0.8518518518518519 0.15572916666666667 0.2962962962962963
14 0.50234375 0.13564814814814816 0.16302083333333334 0.2712962962962963
12 0.7015625 0.13703703703703704 0.146875 0.26296296296296295
8 0.30078125 0.14212962962962963 0.1640625 0.28425925925925927
6 0.8640625 0.4981481481481482 0.14739583333333334 0.2935185185185185
2 0.13802083333333334 0.5064814814814815 0.14583333333333334 0.29444444444444445
0 0.8583333333333333 0.8490740740740741 0.1375 0.30092592592592593
4 0.1359375 0.8546296296296296 0.1484375 0.2898148148148148
12 0.8609375 0.13703703703703704 0.1484375 0.25277777777777777
8 0.13645833333333332 0.1388888888888889 0.14739583333333334 0.275