6 0.6984375 0.4981481481481482 0.14739583333333334 0.2935185185185185
10 0.4942708333333333 0.5018518518518519 0.16927083333333334 0.28888888888888886
2 0.2994791666666667 0.5064814814814815 0.14583333333333334 0.29444444444444445
0 0.7041666666666667 0.8490740740740741 0.1375 0.30092592592592593
15 0.49947916666666664 0.8490740740740741 0.15 0.30092592592592593
4 0.3015625 0.8546296296296296 0.1484375 0.2898148148148148
14 0.5026041666666666 0.13425925925925927 0.15885416666666666 0.26851851851851855
12 0.7015625 0.13703703703703704 0.1484375 0.25277777777777777
8 0.30104166666666665 0.1388888888888889 0.14739583333333334 0.275
6 0.8640625 0.4981481481481482 0.14739583333333334 0.2935185185185185
2 0.13802083333333334 0.5064814814814815 0.14583333333333334 0.29444444444444445
0 0.8583333333333333 0.8490740740740741 0.1375 0.30092592592592593
4 0.1359375 0.8546296296296296 0.1484375 0.2898148148148148
12 0.8609375 0.13703703703703704 0.1484375 0.25277777777777777
8 0.13645833333333332 0.1388888888888889 0.14739583333333334 0.275