2 0.45989583333333334 0.5564814814814815 0.08854166666666667 0.1574074074074074
14 0.3828125 0.6342592592592593 0.09791666666666667 0.2037037037037037
3 0.4140625 0.11574074074074074 0.06979166666666667 0.12407407407407407
5 0.46875 0.13518518518518519 0.05625 0.1
7 0.5192708333333333 0.19166666666666668 0.0625 0.1111111111111111
1 0.4015625 0.21203703703703702 0.059375 0.10740740740740741
9 0.5854166666666667 0.25277777777777777 0.058333333333333334 0.10555555555555556
15 0.45989583333333334 0.2675925925925926 0.07395833333333333 0.13148148148148148
0 0.5213541666666667 0.30185185185185187 0.06770833333333333 0.12222222222222222
11 0.6567708333333333 0.3296296296296296 0.08229166666666667 0.14629629629629629
6 0.3932291666666667 0.3296296296296296 0.06770833333333333 0.12037037037037036
4 0.5880208333333333 0.38425925925925924 0.078125 0.1388888888888889
8 0.45677083333333335 0.39444444444444443 0.07291666666666667 0.1388888888888889
10 0.5302083333333333 0.4601851851851852 0.08020833333333334 0.1425925925925926
12 0.3890625 0.4638888888888889 0.084375 0.15
2 0.008333333333333333 0.5560185185185185 0.016666666666666666 0.16944444444444445
14 0.0546875 0.6342592592592593 0.09270833333333334 0.1962962962962963
3 0.02578125 0.11527777777777778 0.0515625 0.13240740740740742
1 0.0359375 0.21203703703703702 0.053125 0.10277777777777777
9 0.97421875 0.2523148148148148 0.0515625 0.10277777777777777
11 0.9057291666666667 0.3296296296296296 0.06041666666666667 0.16203703703703703
6 0.044270833333333336 0.3296296296296296 0.0578125 0.12314814814814815
4 0.97109375 0.38425925925925924 0.0578125 0.14814814814814814
8 0.007552083333333333 0.3939814814814815 0.015104166666666667 0.13240740740740742
12 0.0484375 0.4638888888888889 0.0734375 0.14166666666666666