15 0.396875 0.6324074074074074 0.059375 0.12129629629629629
7 0.5890625 0.6342592592592593 0.06197916666666667 0.11481481481481481
10 0.4588541666666667 0.6361111111111111 0.05 0.14166666666666666
3 0.525 0.6453703703703704 0.05677083333333333 0.11666666666666667
4 0.6348958333333333 0.7712962962962963 0.0671875 0.20925925925925926
2 0.565625 0.7833333333333333 0.06822916666666666 0.20462962962962963
8 0.4166666666666667 0.7953703703703704 0.06927083333333334 0.21388888888888888
9 0.340625 0.8 0.0703125 0.2
1 0.4901041666666667 0.8101851851851852 0.0703125 0.21203703703703702
14 0.49322916666666666 0.3907407407407407 0.042708333333333334 0.06666666666666667
11 0.5166666666666667 0.4546296296296296 0.04635416666666667 0.0824074074074074
12 0.4635416666666667 0.4564814814814815 0.03125 0.08888888888888889
5 0.43385416666666665 0.5277777777777778 0.04739583333333333 0.08703703703703704
0 0.49270833333333336 0.5277777777777778 0.04895833333333333 0.08703703703703704
6 0.5473958333333333 0.5296296296296297 0.04479166666666667 0.09351851851851851
15 0.040625 0.6324074074074074 0.059375 0.12129629629629629
7 0.97109375 0.6342592592592593 0.0578125 0.11481481481481481
4 0.9276041666666667 0.7712962962962963 0.0671875 0.20925925925925926
2 0.98125 0.7828703703703703 0.0375 0.20462962962962963
8 0.027604166666666666 0.7949074074074074 0.05520833333333333 0.21388888888888888
9 0.096875 0.8 0.0703125 0.2
5 0.013541666666666667 0.5277777777777778 0.027083333333333334 0.08703703703703704