15 0.396875 0.6324074074074074 0.06770833333333333 0.12037037037037036
7 0.5885416666666666 0.6342592592592593 0.06770833333333333 0.12407407407407407
10 0.4588541666666667 0.6361111111111111 0.06979166666666667 0.12407407407407407
3 0.525 0.6444444444444445 0.0625 0.10925925925925926
4 0.6348958333333333 0.7712962962962963 0.09895833333333333 0.17592592592592593
2 0.565625 0.7833333333333333 0.07291666666666667 0.20925925925925926
8 0.4166666666666667 0.7944444444444444 0.1 0.17777777777777778
9 0.340625 0.8 0.075 0.20555555555555555
1 0.4901041666666667 0.8101851851851852 0.10208333333333333 0.17962962962962964
14 0.49322916666666666 0.38981481481481484 0.040625 0.07222222222222222
11 0.5166666666666667 0.4546296296296296 0.051041666666666666 0.08888888888888889
12 0.4635416666666667 0.4564814814814815 0.041666666666666664 0.07407407407407407
5 0.43385416666666665 0.5277777777777778 0.05 0.09259259259259259
0 0.49270833333333336 0.5277777777777778 0.05416666666666667 0.0962962962962963
6 0.5473958333333333 0.5296296296296297 0.05 0.08888888888888889
15 0.040625 0.6324074074074074 0.059375 0.12129629629629629
7 0.9713541666666666 0.6342592592592593 0.057291666666666664 0.11481481481481481
4 0.9276041666666667 0.7712962962962963 0.0671875 0.20925925925925926
2 0.98125 0.7828703703703703 0.0375 0.20462962962962963
8 0.027604166666666666 0.7944444444444444 0.05520833333333333 0.21481481481481482
9 0.096875 0.8 0.0703125 0.2
5 0.013541666666666667 0.5277777777777778 0.027083333333333334 0.08703703703703704