15 0.396875 0.6324074074074074 0.06458333333333334 0.12777777777777777
7 0.5885416666666666 0.6342592592592593 0.06875 0.1259259259259259
10 0.4588541666666667 0.6361111111111111 0.053125 0.14444444444444443
3 0.525 0.6444444444444445 0.06666666666666667 0.11666666666666667
4 0.6348958333333333 0.7712962962962963 0.09375 0.1685185185185185
2 0.565625 0.7833333333333333 0.09270833333333334 0.16666666666666666
8 0.4166666666666667 0.7944444444444444 0.1 0.17777777777777778
9 0.340625 0.8 0.09895833333333333 0.17777777777777778
1 0.4901041666666667 0.8101851851851852 0.07083333333333333 0.21296296296296297
14 0.49322916666666666 0.38981481481481484 0.04479166666666667 0.07222222222222222
11 0.5166666666666667 0.4546296296296296 0.04895833333333333 0.08518518518518518
12 0.4635416666666667 0.4564814814814815 0.036458333333333336 0.09444444444444444
5 0.43385416666666665 0.5277777777777778 0.05 0.09259259259259259
0 0.49270833333333336 0.5277777777777778 0.052083333333333336 0.09259259259259259
6 0.5473958333333333 0.5296296296296297 0.052083333333333336 0.09259259259259259
15 0.040625 0.6324074074074074 0.059375 0.12129629629629629
7 0.9713541666666666 0.6342592592592593 0.057291666666666664 0.11481481481481481
4 0.9276041666666667 0.7712962962962963 0.0671875 0.20925925925925926
2 0.98125 0.7828703703703703 0.0375 0.20462962962962963
8 0.027604166666666666 0.7944444444444444 0.05520833333333333 0.21481481481481482
9 0.096875 0.8 0.0703125 0.2
5 0.013541666666666667 0.5277777777777778 0.027083333333333334 0.08703703703703704