6 0.4348958333333333 0.4648148148148148 0.10729166666666666 0.15555555555555556
8 0.5375 0.46944444444444444 0.096875 0.1648148148148148
14 0.4869791666666667 0.575925925925926 0.109375 0.16296296296296298
13 0.4859375 0.8277777777777777 0.11041666666666666 0.19444444444444445
12 0.48489583333333336 0.1398148148148148 0.09479166666666666 0.1685185185185185
0 0.42864583333333334 0.24166666666666667 0.08958333333333333 0.15925925925925927
4 0.540625 0.24537037037037038 0.08125 0.1425925925925926
10 0.3796875 0.3472222222222222 0.10208333333333333 0.14074074074074075
2 0.5880208333333333 0.3685185185185185 0.08020833333333334 0.1425925925925926
15 0.4895833333333333 0.3675925925925926 0.10625 0.14444444444444443
6 0.026302083333333334 0.4648148148148148 0.05260416666666667 0.1388888888888889
8 0.990625 0.46944444444444444 0.01875 0.14629629629629629
0 0.027604166666666666 0.2412037037037037 0.05520833333333333 0.125
4 0.9877604166666667 0.2449074074074074 0.024479166666666666 0.12314814814814815
10 0.0578125 0.3472222222222222 0.09895833333333333 0.13240740740740742
2 0.9658854166666667 0.3680555555555556 0.06822916666666666 0.13425925925925927