6 0.4348958333333333 0.4648148148148148 0.10729166666666666 0.1574074074074074
8 0.5375 0.46944444444444444 0.09375 0.1574074074074074
14 0.4869791666666667 0.575925925925926 0.09895833333333333 0.17592592592592593
13 0.4859375 0.8287037037037037 0.125 0.17407407407407408
12 0.48489583333333336 0.14074074074074075 0.09270833333333334 0.1648148148148148
0 0.42916666666666664 0.24166666666666667 0.08333333333333333 0.14814814814814814
4 0.540625 0.24537037037037038 0.08645833333333333 0.15185185185185185
10 0.37916666666666665 0.3472222222222222 0.09479166666666666 0.1685185185185185
2 0.5880208333333333 0.3685185185185185 0.0875 0.1388888888888889
15 0.4895833333333333 0.3675925925925926 0.10520833333333333 0.1425925925925926
6 0.026302083333333334 0.4648148148148148 0.05260416666666667 0.1388888888888889
8 0.990625 0.46944444444444444 0.01875 0.14629629629629629
0 0.027083333333333334 0.2412037037037037 0.05416666666666667 0.125
4 0.9877604166666667 0.2449074074074074 0.024479166666666666 0.12314814814814815
10 0.058333333333333334 0.3472222222222222 0.1 0.13240740740740742
2 0.9658854166666667 0.3680555555555556 0.06822916666666666 0.13425925925925927