6 0.4348958333333333 0.4648148148148148 0.10208333333333333 0.1425925925925926
8 0.5375 0.46944444444444444 0.09479166666666666 0.15925925925925927
14 0.4869791666666667 0.575925925925926 0.11041666666666666 0.1648148148148148
13 0.4859375 0.8287037037037037 0.10833333333333334 0.19074074074074074
12 0.48489583333333336 0.14074074074074075 0.08958333333333333 0.15925925925925927
0 0.42916666666666664 0.24166666666666667 0.08541666666666667 0.15185185185185185
4 0.540625 0.24537037037037038 0.08854166666666667 0.1574074074074074
10 0.3796875 0.3472222222222222 0.09479166666666666 0.1685185185185185
2 0.5880208333333333 0.3685185185185185 0.09166666666666666 0.14814814814814814
15 0.4895833333333333 0.3675925925925926 0.090625 0.16111111111111112
6 0.026302083333333334 0.4648148148148148 0.05260416666666667 0.1388888888888889
8 0.990625 0.46944444444444444 0.01875 0.14629629629629629
0 0.027083333333333334 0.2412037037037037 0.05416666666666667 0.125
4 0.9877604166666667 0.2449074074074074 0.024479166666666666 0.12314814814814815
10 0.0578125 0.3472222222222222 0.09895833333333333 0.13240740740740742
2 0.9658854166666667 0.3680555555555556 0.06822916666666666 0.13425925925925927