8 0.6755208333333333 0.41574074074074074 0.071875 0.10185185185185185
0 0.51875 0.46296296296296297 0.18958333333333333 0.25925925925925924
10 0.3854166666666667 0.5222222222222223 0.1 0.17777777777777778
11 0.27760416666666665 0.5398148148148149 0.0625 0.1111111111111111
15 0.6671875 0.5685185185185185 0.06145833333333333 0.1111111111111111
6 0.5729166666666666 0.6222222222222222 0.07916666666666666 0.11851851851851852
2 0.3338541666666667 0.6777777777777778 0.07291666666666667 0.12962962962962962
3 0.4921875 0.7324074074074074 0.1 0.17592592592592593
7 0.571875 0.2814814814814815 0.08020833333333334 0.1425925925925926
14 0.45989583333333334 0.29074074074074074 0.06979166666666667 0.12407407407407407
8 0.8869791666666667 0.41574074074074074 0.071875 0.10092592592592593
0 0.97734375 0.46296296296296297 0.0453125 0.22592592592592592
10 0.05364583333333333 0.5217592592592593 0.10729166666666666 0.14166666666666666
11 0.15989583333333332 0.5398148148148149 0.0703125 0.0962962962962963
15 0.8953125 0.5685185185185185 0.06927083333333334 0.0962962962962963
6 0.9755208333333333 0.6217592592592592 0.04895833333333333 0.11388888888888889
2 0.10364583333333334 0.6777777777777778 0.08229166666666667 0.0962962962962963
7 0.9747395833333333 0.2814814814814815 0.050520833333333334 0.12962962962962962