8 0.6755208333333333 0.4148148148148148 0.071875 0.10092592592592593
0 0.5182291666666666 0.462037037037037 0.178125 0.22592592592592592
10 0.3854166666666667 0.5222222222222223 0.11041666666666666 0.14166666666666666
11 0.27760416666666665 0.5398148148148149 0.0703125 0.0962962962962963
15 0.6666666666666666 0.5685185185185185 0.0703125 0.0962962962962963
6 0.5729166666666666 0.6222222222222222 0.07708333333333334 0.11388888888888889
2 0.3338541666666667 0.6777777777777778 0.08229166666666667 0.0962962962962963
3 0.49166666666666664 0.7324074074074074 0.1078125 0.13425925925925927
7 0.571875 0.28055555555555556 0.08229166666666667 0.13055555555555556
14 0.45989583333333334 0.29074074074074074 0.07447916666666667 0.11388888888888889
8 0.8869791666666667 0.4148148148148148 0.071875 0.10092592592592593
0 0.9776041666666667 0.462037037037037 0.04479166666666667 0.22592592592592592
10 0.05364583333333333 0.5217592592592593 0.10729166666666666 0.14166666666666666
11 0.15989583333333332 0.5398148148148149 0.0703125 0.0962962962962963
15 0.8958333333333334 0.5685185185185185 0.0703125 0.0962962962962963
6 0.9755208333333333 0.6217592592592592 0.04895833333333333 0.11388888888888889
2 0.10364583333333334 0.6777777777777778 0.08229166666666667 0.0962962962962963
7 0.9747395833333333 0.2800925925925926 0.050520833333333334 0.13055555555555556