10 0.3265625 0.6712962962962963 0.14166666666666666 0.25
5 0.4359375 0.674074074074074 0.14583333333333334 0.25925925925925924
4 0.5447916666666667 0.6898148148148148 0.12916666666666668 0.22962962962962963
11 0.6463541666666667 0.6916666666666667 0.09895833333333333 0.30185185185185187
3 0.490625 0.8907407407407407 0.11354166666666667 0.20185185185185187
9 0.26848958333333334 0.8898148148148148 0.10677083333333333 0.22037037037037038
2 0.4390625 0.19074074074074074 0.08854166666666667 0.3
15 0.5328125 0.2074074074074074 0.13020833333333334 0.23333333333333334
14 0.48541666666666666 0.044444444444444446 0.06354166666666666 0.08888888888888889
1 0.38177083333333334 0.40370370370370373 0.10729166666666666 0.28703703703703703
12 0.5885416666666666 0.4185185185185185 0.12708333333333333 0.22407407407407406
10 0.1109375 0.6712962962962963 0.1 0.31203703703703706
5 0.023697916666666666 0.674074074074074 0.04739583333333333 0.31666666666666665
4 0.9841145833333333 0.6893518518518519 0.03177083333333333 0.25462962962962965
11 0.9161458333333333 0.6916666666666667 0.08958333333333333 0.2935185185185185
9 0.16875 0.8925925925925926 0.1 0.21388888888888888
2 0.02109375 0.19074074074074074 0.0421875 0.29814814814814816
1 0.05572916666666667 0.40370370370370373 0.1015625 0.2796296296296296
12 0.96015625 0.4185185185185185 0.0796875 0.25