10 0.3265625 0.6712962962962963 0.15 0.26481481481481484
5 0.4359375 0.674074074074074 0.14270833333333333 0.2537037037037037
4 0.5447916666666667 0.6898148148148148 0.121875 0.21851851851851853
11 0.6463541666666667 0.6916666666666667 0.109375 0.30925925925925923
3 0.490625 0.8907407407407407 0.11875 0.2111111111111111
9 0.26848958333333334 0.8921296296296296 0.12135416666666667 0.21574074074074073
2 0.4390625 0.19074074074074074 0.13020833333333334 0.22962962962962963
15 0.5328125 0.2074074074074074 0.13125 0.2351851851851852
14 0.48541666666666666 0.04398148148148148 0.06354166666666666 0.08796296296296297
1 0.38177083333333334 0.40370370370370373 0.13854166666666667 0.2462962962962963
12 0.5885416666666666 0.4185185185185185 0.12604166666666666 0.2222222222222222
10 0.1109375 0.6712962962962963 0.1 0.31203703703703706
5 0.023697916666666666 0.674074074074074 0.04739583333333333 0.31666666666666665
4 0.9838541666666667 0.6893518518518519 0.03229166666666667 0.25462962962962965
11 0.9161458333333333 0.6916666666666667 0.08958333333333333 0.2935185185185185
9 0.16875 0.8925925925925926 0.1 0.21388888888888888
2 0.02109375 0.19074074074074074 0.0421875 0.29814814814814816
1 0.05572916666666667 0.40370370370370373 0.1015625 0.2796296296296296
12 0.96015625 0.4185185185185185 0.0796875 0.25