12 0.59375 0.5027777777777778 0.10729166666666666 0.19074074074074074
0 0.4953125 0.5018518518518519 0.08541666666666667 0.15185185185185185
1 0.3984375 0.5064814814814815 0.10520833333333333 0.18703703703703703
10 0.346875 0.6370370370370371 0.1 0.17777777777777778
7 0.6442708333333333 0.6444444444444445 0.09375 0.1685185185185185
6 0.5463541666666667 0.6509259259259259 0.10729166666666666 0.17407407407407408
9 0.44583333333333336 0.6509259259259259 0.10416666666666667 0.18333333333333332
11 0.6869791666666667 0.7981481481481482 0.10729166666666666 0.1962962962962963
8 0.2994791666666667 0.799074074074074 0.115625 0.20555555555555555
5 0.4036458333333333 0.8009259259259259 0.096875 0.19074074074074074
3 0.49947916666666664 0.8055555555555556 0.096875 0.17222222222222222
4 0.5984375 0.812037037037037 0.09583333333333334 0.1685185185185185
14 0.5 0.19907407407407407 0.12291666666666666 0.1925925925925926
15 0.4479166666666667 0.3527777777777778 0.09375 0.1648148148148148
2 0.5473958333333333 0.35462962962962963 0.115625 0.1648148148148148
12 0.9575520833333333 0.5027777777777778 0.08489583333333334 0.1685185185185185
1 0.043229166666666666 0.5060185185185185 0.08645833333333333 0.16944444444444445
10 0.090625 0.6370370370370371 0.09479166666666666 0.15925925925925927
7 0.9182291666666667 0.6444444444444445 0.0921875 0.1638888888888889
6 0.9830729166666666 0.6509259259259259 0.033854166666666664 0.15925925925925927
9 0.02109375 0.6504629629629629 0.0421875 0.1527777777777778
11 0.8755208333333333 0.7981481481481482 0.1015625 0.18425925925925926
8 0.13802083333333334 0.799074074074074 0.1125 0.1824074074074074
5 0.039322916666666666 0.8004629629629629 0.07864583333333333 0.18055555555555555
4 0.96015625 0.812037037037037 0.0796875 0.15555555555555556
15 0.021354166666666667 0.3527777777777778 0.042708333333333334 0.13703703703703704
2 0.9786458333333333 0.35462962962962963 0.042708333333333334 0.1648148148148148