5 0.6291666666666667 0.4787037037037037 0.07083333333333333 0.1259259259259259
15 0.45208333333333334 0.4861111111111111 0.071875 0.12777777777777777
7 0.7041666666666667 0.5166666666666667 0.08333333333333333 0.15555555555555556
1 0.5223958333333333 0.55 0.075 0.16666666666666666
11 0.5932291666666667 0.5898148148148148 0.06875 0.17407407407407408
0 0.4161458333333333 0.6231481481481481 0.06145833333333333 0.1
9 0.6666666666666666 0.6342592592592593 0.08333333333333333 0.14814814814814814
4 0.48541666666666666 0.6555555555555556 0.06354166666666666 0.12777777777777777
6 0.5552083333333333 0.7092592592592593 0.075 0.13333333333333333
14 0.3734375 0.7296296296296296 0.07395833333333333 0.12962962962962962
8 0.63125 0.7601851851851852 0.09375 0.1685185185185185
2 0.4484375 0.774074074074074 0.06979166666666667 0.14814814814814814
12 0.515625 0.825925925925926 0.071875 0.12777777777777777
10 0.5869791666666667 0.8787037037037037 0.06666666666666667 0.11851851851851852
13 0.4895833333333333 0.3907407407407407 0.06770833333333333 0.12037037037037036
3 0.5588541666666667 0.42777777777777776 0.0625 0.11296296296296296
5 0.9333333333333333 0.4787037037037037 0.05677083333333333 0.1388888888888889
15 0.0067708333333333336 0.4861111111111111 0.013541666666666667 0.14444444444444443
7 0.8583333333333333 0.5166666666666667 0.078125 0.14629629629629629
11 0.9677083333333333 0.5893518518518519 0.06458333333333334 0.17314814814814813
0 0.025520833333333333 0.6231481481481481 0.051041666666666666 0.0962962962962963
9 0.8958333333333334 0.6342592592592593 0.06458333333333334 0.16018518518518518
6 0.9869791666666666 0.7087962962962963 0.026041666666666668 0.13240740740740742
14 0.0640625 0.7296296296296296 0.06666666666666667 0.1398148148148148
8 0.93125 0.7601851851851852 0.08489583333333334 0.15555555555555556
2 0.010416666666666666 0.774074074074074 0.020833333333333332 0.1388888888888889
10 0.9705729166666667 0.8782407407407408 0.058854166666666666 0.11388888888888889
3 0.9885416666666667 0.4273148148148148 0.022916666666666665 0.11944444444444445