5 0.6291666666666667 0.4787037037037037 0.05677083333333333 0.1388888888888889
15 0.45260416666666664 0.4861111111111111 0.05520833333333333 0.14444444444444443
7 0.7041666666666667 0.5166666666666667 0.078125 0.14629629629629629
1 0.5223958333333333 0.55 0.065625 0.15555555555555556
11 0.5927083333333333 0.5888888888888889 0.0671875 0.1712962962962963
0 0.4161458333333333 0.6231481481481481 0.059375 0.0962962962962963
9 0.6666666666666666 0.6342592592592593 0.06458333333333334 0.16018518518518518
4 0.48489583333333336 0.6555555555555556 0.0578125 0.11851851851851852
6 0.5552083333333333 0.7092592592592593 0.06666666666666667 0.13240740740740742
14 0.3734375 0.7296296296296296 0.06666666666666667 0.1398148148148148
8 0.63125 0.7601851851851852 0.08489583333333334 0.15555555555555556
2 0.4484375 0.774074074074074 0.0640625 0.1388888888888889
12 0.515625 0.8268518518518518 0.0578125 0.14166666666666666
10 0.5869791666666667 0.8787037037037037 0.06822916666666666 0.11388888888888889
13 0.4895833333333333 0.38981481481481484 0.06927083333333334 0.11944444444444445
3 0.5588541666666667 0.4287037037037037 0.05260416666666667 0.11944444444444445
5 0.9333333333333333 0.4787037037037037 0.05677083333333333 0.1388888888888889
15 0.00625 0.4861111111111111 0.0125 0.14444444444444443
7 0.8583333333333333 0.5166666666666667 0.078125 0.14629629629629629
11 0.96796875 0.5884259259259259 0.0640625 0.1712962962962963
0 0.025520833333333333 0.6231481481481481 0.051041666666666666 0.0962962962962963
9 0.8958333333333334 0.6342592592592593 0.06458333333333334 0.16018518518518518
6 0.9869791666666666 0.7087962962962963 0.026041666666666668 0.13240740740740742
14 0.0640625 0.7296296296296296 0.06666666666666667 0.1398148148148148
8 0.93125 0.7601851851851852 0.08489583333333334 0.15555555555555556
2 0.010416666666666666 0.774074074074074 0.020833333333333332 0.1388888888888889
10 0.9705729166666667 0.8782407407407408 0.058854166666666666 0.11388888888888889
3 0.9885416666666667 0.42824074074074076 0.022916666666666665 0.11944444444444445