5 0.6291666666666667 0.4787037037037037 0.07291666666666667 0.12962962962962962
15 0.45208333333333334 0.4861111111111111 0.06458333333333334 0.1537037037037037
7 0.7041666666666667 0.5166666666666667 0.08541666666666667 0.15185185185185185
1 0.5223958333333333 0.55 0.078125 0.14074074074074075
11 0.5932291666666667 0.5898148148148148 0.07083333333333333 0.17592592592592593
0 0.4161458333333333 0.6231481481481481 0.06145833333333333 0.1
9 0.6666666666666666 0.6342592592592593 0.07291666666666667 0.17037037037037037
4 0.48541666666666666 0.6555555555555556 0.0625 0.1111111111111111
6 0.5552083333333333 0.7092592592592593 0.078125 0.1388888888888889
14 0.3734375 0.7296296296296296 0.06979166666666667 0.14444444444444443
8 0.63125 0.7601851851851852 0.08854166666666667 0.16111111111111112
2 0.4484375 0.774074074074074 0.07604166666666666 0.13518518518518519
12 0.515625 0.825925925925926 0.075 0.13518518518518519
10 0.5869791666666667 0.8787037037037037 0.07291666666666667 0.12962962962962962
13 0.4895833333333333 0.3907407407407407 0.06875 0.12222222222222222
3 0.5588541666666667 0.42777777777777776 0.058333333333333334 0.1259259259259259
5 0.9333333333333333 0.4787037037037037 0.05677083333333333 0.1388888888888889
15 0.0067708333333333336 0.4861111111111111 0.013541666666666667 0.14444444444444443
7 0.8583333333333333 0.5166666666666667 0.078125 0.14629629629629629
11 0.9677083333333333 0.5893518518518519 0.06458333333333334 0.17314814814814813
0 0.025520833333333333 0.6231481481481481 0.051041666666666666 0.0962962962962963
9 0.8958333333333334 0.6342592592592593 0.06458333333333334 0.16018518518518518
6 0.9869791666666666 0.7087962962962963 0.026041666666666668 0.13240740740740742
14 0.0640625 0.7296296296296296 0.06666666666666667 0.1398148148148148
8 0.93125 0.7601851851851852 0.08489583333333334 0.15555555555555556
2 0.010416666666666666 0.774074074074074 0.020833333333333332 0.1388888888888889
10 0.9705729166666667 0.8782407407407408 0.058854166666666666 0.11388888888888889
3 0.9885416666666667 0.4273148148148148 0.022916666666666665 0.11944444444444445