7 0.284375 0.3888888888888889 0.0625 0.10925925925925926
8 0.54375 0.41944444444444445 0.08645833333333333 0.11666666666666667
6 0.6546875 0.43703703703703706 0.0625 0.1111111111111111
5 0.3796875 0.4861111111111111 0.08125 0.14444444444444443
11 0.61875 0.512962962962963 0.065625 0.13703703703703704
2 0.5677083333333334 0.5425925925925926 0.08333333333333333 0.14814814814814814
4 0.42135416666666664 0.562037037037037 0.071875 0.13518518518518519
12 0.5046875 0.6398148148148148 0.115625 0.20555555555555555
13 0.4942708333333333 0.8574074074074074 0.146875 0.26296296296296295
3 0.49270833333333336 0.35648148148148145 0.06666666666666667 0.11666666666666667
2 0.5989583333333334 0.36018518518518516 0.06041666666666667 0.10555555555555556
7 0.153125 0.3888888888888889 0.059375 0.10277777777777777
8 0.9888020833333333 0.41944444444444445 0.022395833333333334 0.10555555555555556
6 0.9078125 0.43703703703703706 0.06458333333333334 0.08703703703703704
5 0.0578125 0.4861111111111111 0.09739583333333333 0.09814814814814815
11 0.94375 0.512962962962963 0.06197916666666667 0.13240740740740742
2 0.97421875 0.5425925925925926 0.0515625 0.10740740740740741
4 0.02421875 0.5615740740740741 0.0484375 0.125
2 0.9625 0.36018518518518516 0.075 0.06666666666666667