7 0.284375 0.38981481481481484 0.0625 0.10740740740740741
8 0.54375 0.41944444444444445 0.08645833333333333 0.11666666666666667
6 0.6546875 0.43703703703703706 0.06770833333333333 0.09444444444444444
5 0.3796875 0.4861111111111111 0.084375 0.15
11 0.61875 0.512962962962963 0.06875 0.12222222222222222
2 0.5677083333333334 0.5425925925925926 0.09375 0.11296296296296296
4 0.421875 0.562962962962963 0.07291666666666667 0.12962962962962962
12 0.5046875 0.6398148148148148 0.109375 0.19444444444444445
13 0.4947916666666667 0.8583333333333333 0.140625 0.25
3 0.49270833333333336 0.35648148148148145 0.09166666666666666 0.08703703703703704
2 0.5989583333333334 0.3611111111111111 0.07708333333333334 0.06666666666666667
7 0.153125 0.38981481481481484 0.059375 0.10092592592592593
8 0.9888020833333333 0.41944444444444445 0.022395833333333334 0.10555555555555556
6 0.9078125 0.43703703703703706 0.06458333333333334 0.08703703703703704
5 0.0578125 0.4861111111111111 0.09739583333333333 0.09814814814814815
11 0.94375 0.512962962962963 0.06197916666666667 0.13240740740740742
2 0.97421875 0.5425925925925926 0.0515625 0.10740740740740741
4 0.023697916666666666 0.5625 0.04739583333333333 0.12314814814814815
2 0.9625 0.3611111111111111 0.075 0.06666666666666667