0 0.6880208333333333 0.5064814814814815 0.17708333333333334 0.3148148148148148
14 0.3125 0.512962962962963 0.1625 0.28888888888888886
15 0.5057291666666667 0.5194444444444445 0.18125 0.29074074074074074
4 0.3177083333333333 0.8388888888888889 0.17395833333333333 0.30925925925925923
6 0.6825520833333333 0.8351851851851851 0.1921875 0.3296296296296296
8 0.3140625 0.15833333333333333 0.17291666666666666 0.3074074074074074
10 0.50234375 0.1699074074074074 0.19739583333333333 0.3398148148148148
12 0.6822916666666666 0.1685185185185185 0.18333333333333332 0.3277777777777778
0 0.8744791666666667 0.5064814814814815 0.165625 0.32592592592592595
14 0.125 0.512962962962963 0.1578125 0.2824074074074074
4 0.11979166666666667 0.8388888888888889 0.16510416666666666 0.3212962962962963
6 0.8796875 0.8416666666666667 0.18541666666666667 0.30277777777777776
8 0.1234375 0.15833333333333333 0.1703125 0.29814814814814816
12 0.8802083333333334 0.1685185185185185 0.16770833333333332 0.31203703703703706