0 0.6880208333333333 0.5064814814814815 0.165625 0.32592592592592595
14 0.3125 0.512962962962963 0.1578125 0.2824074074074074
15 0.5057291666666667 0.5194444444444445 0.16875 0.2638888888888889
4 0.3177083333333333 0.8388888888888889 0.16510416666666666 0.3212962962962963
6 0.6828125 0.8416666666666667 0.18541666666666667 0.30277777777777776
8 0.3140625 0.15833333333333333 0.1703125 0.29814814814814816
10 0.5026041666666666 0.1648148148148148 0.17395833333333333 0.325
12 0.6817708333333333 0.1685185185185185 0.16666666666666666 0.31203703703703706
0 0.8744791666666667 0.5064814814814815 0.165625 0.32592592592592595
14 0.125 0.512962962962963 0.1578125 0.2824074074074074
4 0.11979166666666667 0.8388888888888889 0.16510416666666666 0.3212962962962963
6 0.8796875 0.8416666666666667 0.18541666666666667 0.30277777777777776
8 0.1234375 0.15833333333333333 0.1703125 0.29814814814814816
12 0.8807291666666667 0.1685185185185185 0.16666666666666666 0.31203703703703706