0 0.6880208333333333 0.5064814814814815 0.178125 0.31666666666666665
14 0.3125 0.512962962962963 0.16458333333333333 0.29259259259259257
15 0.5057291666666667 0.5194444444444445 0.18125 0.29074074074074074
4 0.31744791666666666 0.837037037037037 0.18489583333333334 0.32592592592592595
6 0.6828125 0.8416666666666667 0.178125 0.31666666666666665
8 0.3140625 0.15833333333333333 0.17395833333333333 0.30925925925925923
10 0.5026041666666666 0.16944444444444445 0.18854166666666666 0.3388888888888889
12 0.6822916666666666 0.1685185185185185 0.17291666666666666 0.3074074074074074
0 0.8744791666666667 0.5064814814814815 0.165625 0.32592592592592595
14 0.125 0.512962962962963 0.1578125 0.2824074074074074
4 0.11979166666666667 0.8388888888888889 0.16510416666666666 0.3212962962962963
6 0.8796875 0.8416666666666667 0.18541666666666667 0.30277777777777776
8 0.1234375 0.15833333333333333 0.1703125 0.29814814814814816
12 0.8802083333333334 0.1685185185185185 0.16770833333333332 0.31203703703703706