3 0.39817708333333335 0.06574074074074074 0.0859375 0.13148148148148148
9 0.30442708333333335 0.06574074074074074 0.07552083333333333 0.13148148148148148
13 0.4109375 0.6203703703703703 0.09791666666666667 0.22777777777777777
15 0.2791666666666667 0.7074074074074074 0.09166666666666666 0.16296296296296298
7 0.4973958333333333 0.850925925925926 0.10625 0.18703703703703703
10 0.33697916666666666 0.8648148148148148 0.07708333333333334 0.2
11 0.4205729166666667 0.9138888888888889 0.09739583333333333 0.17222222222222222
4 0.5817708333333333 0.9194444444444444 0.08333333333333333 0.14814814814814814
6 0.25885416666666666 0.9212962962962963 0.08645833333333333 0.1537037037037037
12 0.6682291666666667 0.9375 0.078125 0.125
1 0.24375 0.175 0.09270833333333334 0.1648148148148148
14 0.325 0.22314814814814815 0.11041666666666666 0.1962962962962963
5 0.2625 0.3611111111111111 0.07916666666666666 0.22592592592592592
0 0.3265625 0.48518518518518516 0.09895833333333333 0.17777777777777778
3 0.043229166666666666 0.05462962962962963 0.08645833333333333 0.10925925925925926
9 0.1328125 0.06481481481481481 0.07708333333333334 0.12962962962962962
13 0.03515625 0.6199074074074075 0.0703125 0.21388888888888888
15 0.15833333333333333 0.7074074074074074 0.071875 0.18703703703703703
10 0.10052083333333334 0.8648148148148148 0.07708333333333334 0.20092592592592592
11 0.029427083333333333 0.9143518518518519 0.058854166666666666 0.16944444444444445
4 0.9716145833333333 0.9194444444444444 0.05677083333333333 0.15925925925925927
6 0.17864583333333334 0.9212962962962963 0.07708333333333334 0.15555555555555556
12 0.89375 0.9444444444444444 0.0796875 0.11018518518518519
1 0.19375 0.175 0.04895833333333333 0.21203703703703702
14 0.1125 0.22314814814814815 0.0796875 0.23055555555555557
5 0.175 0.3611111111111111 0.0703125 0.21666666666666667
0 0.1109375 0.48518518518518516 0.08229166666666667 0.2