3 0.39817708333333335 0.062037037037037036 0.07864583333333333 0.12407407407407407
9 0.30442708333333335 0.06620370370370371 0.0796875 0.13240740740740742
13 0.4109375 0.6203703703703703 0.1125 0.2
15 0.2791666666666667 0.7074074074074074 0.09791666666666667 0.17407407407407408
7 0.4973958333333333 0.850925925925926 0.1125 0.2
10 0.33697916666666666 0.8657407407407407 0.08645833333333333 0.21296296296296297
11 0.4205729166666667 0.9143518518518519 0.09635416666666667 0.1712962962962963
4 0.5815104166666667 0.9175925925925926 0.0796875 0.1648148148148148
6 0.2591145833333333 0.9180555555555555 0.08697916666666666 0.1638888888888889
12 0.6684895833333333 0.9416666666666667 0.08385416666666666 0.11666666666666667
1 0.24375 0.175 0.05520833333333333 0.21666666666666667
14 0.3255208333333333 0.22314814814814815 0.11145833333333334 0.19814814814814816
5 0.2625 0.3611111111111111 0.103125 0.18518518518518517
0 0.3265625 0.48518518518518516 0.084375 0.20185185185185187
3 0.043229166666666666 0.05462962962962963 0.08645833333333333 0.10925925925925926
9 0.1328125 0.06481481481481481 0.07708333333333334 0.12962962962962962
13 0.03515625 0.6199074074074075 0.0703125 0.21388888888888888
15 0.15833333333333333 0.7074074074074074 0.071875 0.18703703703703703
10 0.10052083333333334 0.8657407407407407 0.07708333333333334 0.20092592592592592
11 0.029427083333333333 0.9143518518518519 0.058854166666666666 0.16944444444444445
4 0.9716145833333333 0.9194444444444444 0.05677083333333333 0.15925925925925927
6 0.178125 0.9212962962962963 0.078125 0.15555555555555556
12 0.89375 0.9444444444444444 0.0796875 0.11018518518518519
1 0.19375 0.175 0.04895833333333333 0.21203703703703702
14 0.11197916666666667 0.22314814814814815 0.0796875 0.23055555555555557
5 0.175 0.3611111111111111 0.0703125 0.21666666666666667
0 0.1109375 0.48518518518518516 0.08229166666666667 0.2