3 0.39817708333333335 0.06342592592592593 0.08177083333333333 0.12685185185185185
9 0.30442708333333335 0.06620370370370371 0.0765625 0.13240740740740742
13 0.4109375 0.6203703703703703 0.08854166666666667 0.21481481481481482
15 0.2791666666666667 0.7074074074074074 0.09270833333333334 0.1648148148148148
7 0.4973958333333333 0.850925925925926 0.0875 0.22037037037037038
10 0.33697916666666666 0.8648148148148148 0.096875 0.17222222222222222
11 0.4205729166666667 0.9138888888888889 0.09739583333333333 0.17222222222222222
4 0.58125 0.9194444444444444 0.08854166666666667 0.1574074074074074
6 0.259375 0.9212962962962963 0.084375 0.15
12 0.6684895833333333 0.9425925925925925 0.08177083333333333 0.11481481481481481
1 0.24375 0.175 0.05625 0.21666666666666667
14 0.325 0.22314814814814815 0.11041666666666666 0.1962962962962963
5 0.2625 0.3611111111111111 0.10104166666666667 0.1814814814814815
0 0.3265625 0.48518518518518516 0.084375 0.20185185185185187
3 0.043229166666666666 0.05462962962962963 0.08645833333333333 0.10925925925925926
9 0.1328125 0.06481481481481481 0.07708333333333334 0.12962962962962962
13 0.03515625 0.6199074074074075 0.0703125 0.21388888888888888
15 0.15833333333333333 0.7074074074074074 0.071875 0.18703703703703703
10 0.10052083333333334 0.8648148148148148 0.07708333333333334 0.20092592592592592
11 0.029427083333333333 0.9143518518518519 0.058854166666666666 0.16944444444444445
4 0.971875 0.9194444444444444 0.05625 0.15925925925925927
6 0.178125 0.9212962962962963 0.078125 0.15555555555555556
12 0.89375 0.9444444444444444 0.0796875 0.11018518518518519
1 0.19375 0.175 0.04895833333333333 0.21203703703703702
14 0.1125 0.22314814814814815 0.0796875 0.23055555555555557
5 0.175 0.3611111111111111 0.0703125 0.21666666666666667
0 0.1109375 0.48518518518518516 0.08229166666666667 0.2