6 0.6015625 0.525 0.08541666666666667 0.15185185185185185
7 0.6770833333333334 0.5574074074074075 0.09583333333333334 0.17037037037037037
14 0.30572916666666666 0.5916666666666667 0.11770833333333333 0.20925925925925926
12 0.5479166666666667 0.5944444444444444 0.11875 0.2111111111111111
0 0.4239583333333333 0.6342592592592593 0.18645833333333334 0.3314814814814815
6 0.4354166666666667 0.4305555555555556 0.14166666666666666 0.15925925925925927
6 0.9609375 0.525 0.06666666666666667 0.15925925925925927
7 0.8854166666666666 0.5574074074074075 0.07552083333333333 0.18981481481481483
14 0.13177083333333334 0.5916666666666667 0.08229166666666667 0.25
12 0.9880208333333333 0.5944444444444444 0.023958333333333335 0.2574074074074074
0 0.05078125 0.6337962962962963 0.1015625 0.30092592592592593
6 0.036458333333333336 0.4305555555555556 0.07291666666666667 0.15925925925925927