6 0.6015625 0.525 0.07291666666666667 0.16666666666666666
7 0.6770833333333334 0.5574074074074075 0.09270833333333334 0.1648148148148148
14 0.30572916666666666 0.5916666666666667 0.09375 0.2611111111111111
12 0.5479166666666667 0.5944444444444444 0.12083333333333333 0.21481481481481482
0 0.4244791666666667 0.6342592592592593 0.18020833333333333 0.32037037037037036
6 0.4354166666666667 0.4305555555555556 0.12291666666666666 0.21851851851851853
6 0.9609375 0.525 0.06666666666666667 0.15925925925925927
7 0.8854166666666666 0.5574074074074075 0.07552083333333333 0.18981481481481483
14 0.13177083333333334 0.5916666666666667 0.08229166666666667 0.25
12 0.9880208333333333 0.5944444444444444 0.023958333333333335 0.2574074074074074
0 0.050520833333333334 0.6337962962962963 0.10104166666666667 0.30092592592592593
6 0.036458333333333336 0.4305555555555556 0.07291666666666667 0.15925925925925927