9 0.7161458333333334 0.612037037037037 0.12395833333333334 0.22037037037037038
15 0.28489583333333335 0.6175925925925926 0.121875 0.21851851851851853
11 0.5692708333333333 0.6203703703703703 0.13020833333333334 0.22962962962962963
1 0.43020833333333336 0.6231481481481481 0.125 0.2222222222222222
5 0.4239583333333333 0.8546296296296296 0.12708333333333333 0.22592592592592592
13 0.728125 0.8629629629629629 0.115625 0.20555555555555555
3 0.5760416666666667 0.8675925925925926 0.125 0.2222222222222222
7 0.28229166666666666 0.8694444444444445 0.11666666666666667 0.20925925925925926
12 0.57109375 0.12037037037037036 0.13177083333333334 0.24074074074074073
10 0.7151041666666667 0.125 0.12083333333333333 0.21481481481481482
2 0.4276041666666667 0.1259259259259259 0.13645833333333332 0.24259259259259258
14 0.2838541666666667 0.12777777777777777 0.128125 0.25
0 0.7192708333333333 0.36944444444444446 0.125 0.2222222222222222
8 0.28489583333333335 0.3731481481481482 0.12708333333333333 0.22592592592592592
4 0.5739583333333333 0.37962962962962965 0.140625 0.25
6 0.42604166666666665 0.37962962962962965 0.13333333333333333 0.23703703703703705
9 0.8463541666666666 0.612037037037037 0.11302083333333333 0.21851851851851853
15 0.15260416666666668 0.6175925925925926 0.11510416666666666 0.2101851851851852
11 0.9619791666666667 0.6203703703703703 0.07604166666666666 0.2074074074074074
1 0.03307291666666667 0.6231481481481481 0.06614583333333333 0.22777777777777777
5 0.03984375 0.8546296296296296 0.0796875 0.2
13 0.834375 0.8629629629629629 0.10260416666666666 0.2074074074074074
3 0.9596354166666666 0.8671296296296296 0.08072916666666667 0.20462962962962963
7 0.15520833333333334 0.8694444444444445 0.109375 0.20925925925925926
12 0.9653645833333333 0.11851851851851852 0.06927083333333334 0.22592592592592592
10 0.8473958333333333 0.125 0.128125 0.19444444444444445
2 0.0359375 0.12546296296296297 0.071875 0.22314814814814815
14 0.15364583333333334 0.12777777777777777 0.11302083333333333 0.22777777777777777
0 0.8432291666666667 0.36944444444444446 0.1203125 0.22314814814814815
8 0.15260416666666668 0.3731481481481482 0.11510416666666666 0.22777777777777777
4 0.9611979166666667 0.37962962962962965 0.07760416666666667 0.21666666666666667
6 0.03723958333333333 0.37916666666666665 0.07447916666666667 0.23981481481481481