6 0.5927083333333333 0.30925925925925923 0.115625 0.1814814814814815
5 0.44114583333333335 0.31296296296296294 0.11875 0.2111111111111111
4 0.309375 0.45925925925925926 0.12708333333333333 0.22592592592592592
14 0.4401041666666667 0.47962962962962963 0.128125 0.2111111111111111
11 0.5776041666666667 0.4842592592592593 0.12708333333333333 0.19814814814814816
8 0.7083333333333334 0.48703703703703705 0.12916666666666668 0.22592592592592592
15 0.4322916666666667 0.675 0.13854166666666667 0.24814814814814815
12 0.5848958333333333 0.675 0.14375 0.25555555555555554
3 0.2875 0.6796296296296296 0.13958333333333334 0.2462962962962963
6 0.9567708333333333 0.30925925925925923 0.08645833333333333 0.17592592592592593
5 0.028125 0.3125 0.05625 0.17314814814814813
4 0.128125 0.45925925925925926 0.10416666666666667 0.22314814814814815
14 0.02890625 0.47962962962962963 0.0578125 0.1962962962962963
11 0.9622395833333334 0.4837962962962963 0.07552083333333333 0.1824074074074074
8 0.8541666666666666 0.48703703703703705 0.12552083333333333 0.21851851851851853
15 0.03619791666666667 0.674537037037037 0.07239583333333334 0.23981481481481481
12 0.9541666666666667 0.674537037037037 0.09166666666666666 0.2324074074074074
3 0.15 0.6796296296296296 0.134375 0.2324074074074074