13 0.5171875 0.7481481481481481 0.13333333333333333 0.23703703703703705
6 0.3265625 0.07962962962962963 0.08645833333333333 0.15555555555555556
15 0.2515625 0.1648148148148148 0.09270833333333334 0.1648148148148148
12 0.39114583333333336 0.2074074074074074 0.096875 0.17407407407407408
8 0.3078125 0.2898148148148148 0.10416666666666667 0.18333333333333332
14 0.46041666666666664 0.3351851851851852 0.09375 0.21851851851851853
0 0.23854166666666668 0.3731481481481482 0.06354166666666666 0.11296296296296296
2 0.37604166666666666 0.42685185185185187 0.109375 0.19444444444444445
10 0.28802083333333334 0.5046296296296297 0.11041666666666666 0.1962962962962963
6 0.1109375 0.07962962962962963 0.07552083333333333 0.15925925925925927
15 0.1859375 0.1648148148148148 0.05677083333333333 0.20925925925925926
12 0.04635416666666667 0.2074074074074074 0.0796875 0.1962962962962963
8 0.1296875 0.2898148148148148 0.08697916666666666 0.20925925925925926
14 0.01015625 0.3351851851851852 0.0203125 0.20925925925925926
0 0.19895833333333332 0.3731481481481482 0.03125 0.1685185185185185
2 0.06145833333333333 0.42685185185185187 0.08125 0.2074074074074074
10 0.14947916666666666 0.5046296296296297 0.09270833333333334 0.22592592592592592