13 0.5177083333333333 0.7481481481481481 0.103125 0.2851851851851852
6 0.3263020833333333 0.08101851851851852 0.0796875 0.16203703703703703
15 0.2515625 0.1648148148148148 0.09583333333333334 0.17037037037037037
12 0.39114583333333336 0.2074074074074074 0.09791666666666667 0.17592592592592593
8 0.3078125 0.2898148148148148 0.0875 0.20925925925925926
14 0.46041666666666664 0.3351851851851852 0.11041666666666666 0.1962962962962963
0 0.23854166666666668 0.3731481481481482 0.03958333333333333 0.17222222222222222
2 0.37604166666666666 0.42685185185185187 0.10416666666666667 0.18518518518518517
10 0.28802083333333334 0.5046296296296297 0.10625 0.24259259259259258
6 0.1109375 0.07962962962962963 0.07552083333333333 0.15925925925925927
15 0.1859375 0.1648148148148148 0.05677083333333333 0.20925925925925926
12 0.04635416666666667 0.2074074074074074 0.0796875 0.1962962962962963
8 0.1296875 0.2898148148148148 0.08697916666666666 0.20925925925925926
14 0.01015625 0.3351851851851852 0.0203125 0.20925925925925926
0 0.19895833333333332 0.3731481481481482 0.03125 0.1685185185185185
2 0.06145833333333333 0.42685185185185187 0.08125 0.2074074074074074
10 0.14947916666666666 0.5046296296296297 0.09270833333333334 0.22592592592592592