13 0.5171875 0.7481481481481481 0.10729166666666666 0.28888888888888886
6 0.3263020833333333 0.08287037037037037 0.08489583333333334 0.16574074074074074
15 0.2515625 0.1648148148148148 0.065625 0.21481481481481482
12 0.390625 0.2074074074074074 0.08333333333333333 0.2
8 0.3078125 0.2898148148148148 0.090625 0.21481481481481482
14 0.46041666666666664 0.3351851851851852 0.10833333333333334 0.1925925925925926
0 0.23854166666666668 0.3731481481481482 0.065625 0.11666666666666667
2 0.37604166666666666 0.42592592592592593 0.08958333333333333 0.21851851851851853
10 0.28802083333333334 0.5046296296296297 0.115625 0.20555555555555555
6 0.1109375 0.07962962962962963 0.07552083333333333 0.15925925925925927
15 0.1859375 0.1648148148148148 0.05677083333333333 0.20925925925925926
12 0.046875 0.2074074074074074 0.0796875 0.1962962962962963
8 0.1296875 0.2898148148148148 0.08697916666666666 0.20925925925925926
14 0.01015625 0.3351851851851852 0.0203125 0.20925925925925926
0 0.19895833333333332 0.3731481481481482 0.03125 0.1685185185185185
2 0.06145833333333333 0.42592592592592593 0.08229166666666667 0.20925925925925926
10 0.14947916666666666 0.5046296296296297 0.09270833333333334 0.22592592592592592