15 0.5723958333333333 0.6231481481481481 0.18229166666666666 0.32407407407407407
10 0.38385416666666666 0.7759259259259259 0.20208333333333334 0.3592592592592593
0 0.7002604166666667 0.8476851851851852 0.17239583333333333 0.30462962962962964
4 0.5122395833333333 0.899074074074074 0.1421875 0.20185185185185187
14 0.5348958333333333 0.18425925925925926 0.14583333333333334 0.25925925925925924
12 0.6416666666666667 0.3212962962962963 0.15208333333333332 0.3148148148148148
2 0.4661458333333333 0.42592592592592593 0.15 0.26666666666666666
13 0.275 0.5 0.19166666666666668 0.3425925925925926
6 0.73125 0.5194444444444445 0.16458333333333333 0.29074074074074074
15 0.9588541666666667 0.6231481481481481 0.08229166666666667 0.3648148148148148
10 0.0609375 0.7759259259259259 0.121875 0.4185185185185185
0 0.8619791666666666 0.8490740740740741 0.15885416666666666 0.30092592592592593
14 0.984375 0.1837962962962963 0.03125 0.262037037037037
12 0.9208333333333333 0.3212962962962963 0.1375 0.2935185185185185
2 0.013802083333333333 0.425462962962963 0.027604166666666666 0.31203703703703706
13 0.1625 0.5 0.1125 0.4305555555555556
6 0.83125 0.5194444444444445 0.09895833333333333 0.36018518518518516