15 0.5723958333333333 0.6231481481481481 0.1875 0.3333333333333333
10 0.38385416666666666 0.7759259259259259 0.19375 0.34444444444444444
0 0.7002604166666667 0.8486111111111111 0.1703125 0.30277777777777776
4 0.5122395833333333 0.9009259259259259 0.1390625 0.19814814814814816
14 0.5348958333333333 0.18425925925925926 0.12708333333333333 0.2740740740740741
12 0.6416666666666667 0.3212962962962963 0.1375 0.29444444444444445
2 0.4661458333333333 0.42592592592592593 0.15 0.26666666666666666
13 0.275 0.5 0.12708333333333333 0.44074074074074077
6 0.73125 0.5194444444444445 0.115625 0.37407407407407406
15 0.9588541666666667 0.6231481481481481 0.08229166666666667 0.3648148148148148
10 0.0609375 0.7759259259259259 0.121875 0.4185185185185185
0 0.8619791666666666 0.8490740740740741 0.15885416666666666 0.30092592592592593
14 0.984375 0.1837962962962963 0.03125 0.262037037037037
12 0.9208333333333333 0.3212962962962963 0.1375 0.2935185185185185
2 0.013802083333333333 0.425462962962963 0.027604166666666666 0.31203703703703706
13 0.1625 0.5 0.1125 0.4305555555555556
6 0.83125 0.5194444444444445 0.09895833333333333 0.36018518518518516