15 0.5723958333333333 0.6231481481481481 0.14479166666666668 0.3648148148148148
10 0.38385416666666666 0.7759259259259259 0.13697916666666668 0.4185185185185185
0 0.7005208333333334 0.8490740740740741 0.15885416666666666 0.30092592592592593
4 0.5125 0.9037037037037037 0.134375 0.19166666666666668
14 0.5348958333333333 0.18425925925925926 0.11770833333333333 0.262037037037037
12 0.6416666666666667 0.3212962962962963 0.1375 0.2935185185185185
2 0.4661458333333333 0.42592592592592593 0.11302083333333333 0.31203703703703706
13 0.275 0.5 0.1125 0.4305555555555556
6 0.73125 0.5194444444444445 0.09895833333333333 0.36018518518518516
15 0.9588541666666667 0.6231481481481481 0.08229166666666667 0.3648148148148148
10 0.0609375 0.7759259259259259 0.121875 0.4185185185185185
0 0.8619791666666666 0.8490740740740741 0.15885416666666666 0.30092592592592593
14 0.984375 0.1837962962962963 0.03125 0.262037037037037
12 0.9208333333333333 0.3212962962962963 0.1375 0.2935185185185185
2 0.013802083333333333 0.425462962962963 0.027604166666666666 0.31203703703703706
13 0.1625 0.5 0.1125 0.4305555555555556
6 0.83125 0.5194444444444445 0.09895833333333333 0.36018518518518516