15 0.5723958333333333 0.6231481481481481 0.16354166666666667 0.3851851851851852
10 0.38385416666666666 0.7759259259259259 0.20208333333333334 0.3592592592592593
0 0.7002604166666667 0.8439814814814814 0.18072916666666666 0.31203703703703706
4 0.5122395833333333 0.8976851851851851 0.12135416666666667 0.20462962962962963
14 0.5348958333333333 0.18425925925925926 0.140625 0.25
12 0.6416666666666667 0.3212962962962963 0.16666666666666666 0.2962962962962963
2 0.4661458333333333 0.42592592592592593 0.13125 0.3296296296296296
13 0.275 0.5 0.134375 0.4444444444444444
6 0.73125 0.5194444444444445 0.10729166666666666 0.3685185185185185
15 0.9588541666666667 0.6231481481481481 0.08229166666666667 0.3648148148148148
10 0.0609375 0.7759259259259259 0.121875 0.4185185185185185
0 0.8619791666666666 0.8490740740740741 0.15885416666666666 0.30092592592592593
14 0.984375 0.1837962962962963 0.03125 0.262037037037037
12 0.9208333333333333 0.3212962962962963 0.1375 0.2935185185185185
2 0.013802083333333333 0.425462962962963 0.027604166666666666 0.31203703703703706
13 0.1625 0.5 0.1125 0.4305555555555556
6 0.83125 0.5194444444444445 0.09895833333333333 0.36018518518518516