13 0.3703125 0.6824074074074075 0.15208333333333332 0.27037037037037037
14 0.30572916666666666 0.31666666666666665 0.09375 0.16666666666666666
0 0.36875 0.3416666666666667 0.10416666666666667 0.18703703703703703
1 0.43072916666666666 0.3768518518518518 0.096875 0.17222222222222222
9 0.4921875 0.41203703703703703 0.08541666666666667 0.25925925925925924
11 0.5703125 0.42777777777777776 0.11354166666666667 0.20185185185185187
13 0.0671875 0.6824074074074075 0.10885416666666667 0.31203703703703706
14 0.13177083333333334 0.31666666666666665 0.06458333333333334 0.21481481481481482
0 0.06875 0.3416666666666667 0.0578125 0.25
1 0.019270833333333334 0.3763888888888889 0.03854166666666667 0.20462962962962963
11 0.9760416666666667 0.4273148148148148 0.04791666666666667 0.23055555555555557