13 0.3703125 0.6824074074074075 0.11770833333333333 0.32222222222222224
14 0.30572916666666666 0.3175925925925926 0.09479166666666666 0.17037037037037037
0 0.36875 0.3416666666666667 0.071875 0.2574074074074074
1 0.43072916666666666 0.3768518518518518 0.096875 0.17222222222222222
9 0.4921875 0.41203703703703703 0.10729166666666666 0.19074074074074074
11 0.5703125 0.42777777777777776 0.08125 0.23148148148148148
13 0.0671875 0.6824074074074075 0.10885416666666667 0.31203703703703706
14 0.13177083333333334 0.3175925925925926 0.06458333333333334 0.21388888888888888
0 0.06875 0.3416666666666667 0.0578125 0.25
1 0.019270833333333334 0.3763888888888889 0.03854166666666667 0.20462962962962963
11 0.9760416666666667 0.4273148148148148 0.04791666666666667 0.23055555555555557