13 0.3703125 0.6824074074074075 0.14479166666666668 0.2574074074074074
14 0.30572916666666666 0.31666666666666665 0.096875 0.17037037037037037
0 0.36875 0.3416666666666667 0.109375 0.19444444444444445
1 0.43020833333333336 0.3768518518518518 0.09270833333333334 0.1648148148148148
9 0.4921875 0.41203703703703703 0.1125 0.2
11 0.5703125 0.42777777777777776 0.11354166666666667 0.2037037037037037
13 0.0671875 0.6824074074074075 0.10885416666666667 0.31203703703703706
14 0.13177083333333334 0.31666666666666665 0.06458333333333334 0.21481481481481482
0 0.06875 0.3416666666666667 0.0578125 0.25
1 0.019791666666666666 0.3763888888888889 0.03958333333333333 0.20462962962962963
11 0.9760416666666667 0.4273148148148148 0.04791666666666667 0.23055555555555557