5 0.42083333333333334 0.55 0.05625 0.1
8 0.3494791666666667 0.5574074074074075 0.03958333333333333 0.10925925925925926
7 0.3078125 0.5981481481481481 0.046875 0.12222222222222222
6 0.3885416666666667 0.6101851851851852 0.0375 0.08703703703703704
4 0.31145833333333334 0.712037037037037 0.059375 0.10555555555555556
2 0.3151041666666667 0.2851851851851852 0.051041666666666666 0.08888888888888889
9 0.35260416666666666 0.3388888888888889 0.05 0.08888888888888889
10 0.3890625 0.38425925925925924 0.053125 0.09444444444444444
1 0.3067708333333333 0.38796296296296295 0.04583333333333333 0.10555555555555556
15 0.4197916666666667 0.43796296296296294 0.05416666666666667 0.0962962962962963
11 0.346875 0.43703703703703706 0.04895833333333333 0.08703703703703704
13 0.6015625 0.4546296296296296 0.0625 0.1111111111111111
14 0.4546875 0.49907407407407406 0.053125 0.09444444444444444
12 0.3151041666666667 0.5 0.05 0.08888888888888889
5 0.01875 0.549537037037037 0.0375 0.11388888888888889
8 0.08802083333333334 0.5574074074074075 0.036458333333333336 0.10555555555555556
7 0.1296875 0.5981481481481481 0.042708333333333334 0.11666666666666667
6 0.04895833333333333 0.6101851851851852 0.0375 0.08703703703703704
4 0.12604166666666666 0.712037037037037 0.0421875 0.11851851851851852
2 0.12239583333333333 0.2851851851851852 0.03854166666666667 0.10277777777777777
9 0.08489583333333334 0.3388888888888889 0.0375 0.10092592592592593
10 0.0484375 0.38425925925925924 0.0296875 0.125
1 0.13072916666666667 0.38796296296296295 0.042708333333333334 0.10092592592592593
15 0.017708333333333333 0.43796296296296294 0.0296875 0.12314814814814815
11 0.090625 0.43703703703703706 0.042708333333333334 0.08888888888888889
13 0.9609375 0.4546296296296296 0.05260416666666667 0.11481481481481481
12 0.12239583333333333 0.5 0.036458333333333336 0.10555555555555556