5 0.42083333333333334 0.55 0.058333333333333334 0.10185185185185185
8 0.3494791666666667 0.5574074074074075 0.051041666666666666 0.09259259259259259
7 0.3078125 0.5990740740740741 0.057291666666666664 0.10185185185185185
6 0.3885416666666667 0.6101851851851852 0.04791666666666667 0.08333333333333333
4 0.31145833333333334 0.712037037037037 0.04583333333333333 0.12222222222222222
2 0.3151041666666667 0.2851851851851852 0.03854166666666667 0.1037037037037037
9 0.35260416666666666 0.3398148148148148 0.041666666666666664 0.10555555555555556
10 0.3890625 0.38425925925925924 0.035416666666666666 0.12777777777777777
1 0.30625 0.38796296296296295 0.051041666666666666 0.09074074074074075
15 0.4197916666666667 0.43796296296296294 0.05 0.08703703703703704
11 0.34739583333333335 0.43796296296296294 0.051041666666666666 0.09074074074074075
13 0.6015625 0.4546296296296296 0.059375 0.10740740740740741
14 0.4546875 0.4981481481481482 0.05 0.12222222222222222
12 0.3151041666666667 0.5 0.051041666666666666 0.09259259259259259
5 0.01875 0.549537037037037 0.0375 0.11388888888888889
8 0.08802083333333334 0.5574074074074075 0.036458333333333336 0.10555555555555556
7 0.1296875 0.5990740740740741 0.042708333333333334 0.11666666666666667
6 0.04895833333333333 0.6101851851851852 0.0375 0.08703703703703704
4 0.12604166666666666 0.712037037037037 0.0421875 0.11851851851851852
2 0.12239583333333333 0.2851851851851852 0.03854166666666667 0.10277777777777777
9 0.08489583333333334 0.3398148148148148 0.0375 0.10092592592592593
10 0.0484375 0.38425925925925924 0.0296875 0.125
1 0.13125 0.38796296296296295 0.042708333333333334 0.10092592592592593
15 0.017708333333333333 0.43796296296296294 0.0296875 0.12314814814814815
11 0.09010416666666667 0.43796296296296294 0.042708333333333334 0.08888888888888889
13 0.9609375 0.4546296296296296 0.05260416666666667 0.11481481481481481
12 0.12239583333333333 0.5 0.036458333333333336 0.10555555555555556