5 0.42083333333333334 0.55 0.0421875 0.11388888888888889
8 0.3494791666666667 0.5574074074074075 0.036458333333333336 0.10555555555555556
7 0.3078125 0.5990740740740741 0.042708333333333334 0.11666666666666667
6 0.3885416666666667 0.6101851851851852 0.0375 0.08703703703703704
4 0.31145833333333334 0.712037037037037 0.0421875 0.11851851851851852
2 0.315625 0.2861111111111111 0.0375 0.10092592592592593
9 0.35260416666666666 0.3398148148148148 0.0375 0.10092592592592593
10 0.3890625 0.38425925925925924 0.0296875 0.125
1 0.3067708333333333 0.38796296296296295 0.042708333333333334 0.10092592592592593
15 0.4197916666666667 0.43796296296296294 0.0296875 0.12314814814814815
11 0.34739583333333335 0.43796296296296294 0.042708333333333334 0.08888888888888889
13 0.6015625 0.4546296296296296 0.05260416666666667 0.11481481481481481
14 0.4546875 0.49907407407407406 0.0421875 0.11388888888888889
12 0.3151041666666667 0.5 0.036458333333333336 0.10555555555555556
5 0.01875 0.549537037037037 0.0375 0.11388888888888889
8 0.08802083333333334 0.5574074074074075 0.036458333333333336 0.10555555555555556
7 0.1296875 0.5990740740740741 0.042708333333333334 0.11666666666666667
6 0.04895833333333333 0.6101851851851852 0.0375 0.08703703703703704
4 0.12604166666666666 0.712037037037037 0.0421875 0.11851851851851852
2 0.121875 0.2861111111111111 0.0375 0.10092592592592593
9 0.08489583333333334 0.3398148148148148 0.0375 0.10092592592592593
10 0.0484375 0.38425925925925924 0.0296875 0.125
1 0.13072916666666667 0.38796296296296295 0.042708333333333334 0.10092592592592593
15 0.017708333333333333 0.43796296296296294 0.0296875 0.12314814814814815
11 0.09010416666666667 0.43796296296296294 0.042708333333333334 0.08888888888888889
13 0.9609375 0.4546296296296296 0.05260416666666667 0.11481481481481481
12 0.12239583333333333 0.5 0.036458333333333336 0.10555555555555556