12 0.6973958333333333 0.5796296296296296 0.07552083333333333 0.16944444444444445
9 0.7546875 0.6444444444444445 0.05260416666666667 0.2
10 0.71796875 0.0712962962962963 0.08489583333333334 0.1425925925925926
6 0.6515625 0.7194444444444444 0.06666666666666667 0.20462962962962963
1 0.4630208333333333 0.7870370370370371 0.0703125 0.2
4 0.5848958333333333 0.8046296296296296 0.06458333333333334 0.19444444444444445
15 0.7171875 0.8166666666666667 0.06197916666666667 0.18981481481481483
2 0.6489583333333333 0.9092592592592592 0.07604166666666666 0.18055555555555555
8 0.5322916666666667 0.9120370370370371 0.0703125 0.1685185185185185
3 0.75625 0.9398148148148148 0.04895833333333333 0.11851851851851852
0 0.396875 0.18981481481481483 0.084375 0.2074074074074074
7 0.6515625 0.21944444444444444 0.08229166666666667 0.18703703703703703
11 0.7416666666666667 0.22962962962962963 0.078125 0.18981481481481483
5 0.6552083333333333 0.4009259259259259 0.08229166666666667 0.1685185185185185
14 0.734375 0.41203703703703703 0.08229166666666667 0.175
12 0.8651041666666667 0.5796296296296296 0.07552083333333333 0.16944444444444445
9 0.8078125 0.6444444444444445 0.05260416666666667 0.2
10 0.8440104166666667 0.0712962962962963 0.08489583333333334 0.1425925925925926
6 0.9109375 0.7194444444444444 0.06666666666666667 0.20462962962962963
4 0.97265625 0.8046296296296296 0.0546875 0.19444444444444445
15 0.8453125 0.8166666666666667 0.06197916666666667 0.18981481481481483
2 0.9135416666666667 0.9092592592592592 0.07604166666666666 0.18055555555555555
3 0.80625 0.9398148148148148 0.04895833333333333 0.11851851851851852
0 0.04140625 0.18981481481481483 0.0828125 0.2074074074074074
7 0.9109375 0.21944444444444444 0.08229166666666667 0.18703703703703703
11 0.8208333333333333 0.22962962962962963 0.078125 0.18981481481481483
5 0.9072916666666667 0.4009259259259259 0.08229166666666667 0.1685185185185185
14 0.828125 0.41203703703703703 0.08229166666666667 0.175