14 0.4947916666666667 0.5111111111111111 0.078125 0.14074074074074075
2 0.44479166666666664 0.5953703703703703 0.08645833333333333 0.1037037037037037
12 0.5505208333333333 0.5990740740740741 0.08645833333333333 0.15555555555555556
10 0.39375 0.6851851851851852 0.09166666666666666 0.11481481481481481
8 0.49583333333333335 0.6907407407407408 0.07708333333333334 0.13703703703703704
6 0.5947916666666667 0.6935185185185185 0.09270833333333334 0.11481481481481481
1 0.6505208333333333 0.7796296296296297 0.08229166666666667 0.14814814814814814
4 0.34375 0.7842592592592592 0.0875 0.15555555555555556
0 0.44479166666666664 0.787962962962963 0.07395833333333333 0.13148148148148148
15 0.5442708333333334 0.787962962962963 0.09583333333333334 0.11851851851851852
5 0.6036458333333333 0.8898148148148148 0.0875 0.15555555555555556
7 0.4921875 0.8898148148148148 0.09270833333333334 0.1648148148148148
11 0.29322916666666665 0.8916666666666667 0.09479166666666666 0.1685185185185185
3 0.7072916666666667 0.8944444444444445 0.10729166666666666 0.1537037037037037
9 0.39895833333333336 0.8972222222222223 0.08541666666666667 0.1537037037037037
13 0.5104166666666666 0.21296296296296297 0.08229166666666667 0.14814814814814814
2 0.017447916666666667 0.5949074074074074 0.034895833333333334 0.10092592592592593
12 0.9791666666666666 0.5986111111111111 0.041666666666666664 0.11018518518518519
10 0.04479166666666667 0.6851851851851852 0.08958333333333333 0.11481481481481481
6 0.9614583333333333 0.6935185185185185 0.07708333333333334 0.10555555555555556
1 0.9119791666666667 0.7796296296296297 0.09010416666666667 0.11944444444444445
4 0.09375 0.7842592592592592 0.10260416666666666 0.125
0 0.01796875 0.7875 0.0359375 0.10092592592592593
15 0.98515625 0.787962962962963 0.0296875 0.11666666666666667
5 0.95625 0.8898148148148148 0.0875 0.13703703703703704
11 0.14427083333333332 0.8916666666666667 0.10520833333333333 0.13703703703703704
3 0.8552083333333333 0.8944444444444445 0.10364583333333334 0.14629629629629629
9 0.04088541666666667 0.8967592592592593 0.08177083333333333 0.13240740740740742