5 0.42864583333333334 0.2675925925925926 0.10520833333333333 0.18703703703703703
6 0.5552083333333333 0.26944444444444443 0.11458333333333333 0.2037037037037037
9 0.303125 0.2740740740740741 0.13125 0.1648148148148148
1 0.6817708333333333 0.275 0.10520833333333333 0.18703703703703703
10 0.7057291666666666 0.39814814814814814 0.07083333333333333 0.1259259259259259
12 0.5536458333333333 0.4305555555555556 0.10833333333333334 0.16111111111111112
4 0.29583333333333334 0.43148148148148147 0.12708333333333333 0.15925925925925927
14 0.4322916666666667 0.4324074074074074 0.125 0.2222222222222222
8 0.6505208333333333 0.4888888888888889 0.14791666666666667 0.26296296296296295
11 0.5630208333333333 0.6 0.12916666666666668 0.22962962962962963
15 0.42604166666666665 0.6046296296296296 0.12291666666666666 0.21851851851851853
3 0.28802083333333334 0.6101851851851852 0.13958333333333334 0.19814814814814816
2 0.4197916666666667 0.7916666666666666 0.12291666666666666 0.21851851851851853
7 0.5734375 0.7981481481481482 0.16770833333333332 0.2351851851851852
13 0.2864583333333333 0.8157407407407408 0.14791666666666667 0.2537037037037037
5 0.033854166666666664 0.2671296296296296 0.06770833333333333 0.16018518518518518
6 0.9723958333333333 0.2689814814814815 0.05520833333333333 0.16203703703703703
9 0.134375 0.2740740740740741 0.1296875 0.16018518518518518
1 0.8807291666666667 0.275 0.11770833333333333 0.1638888888888889
10 0.8567708333333334 0.39814814814814814 0.0796875 0.0962962962962963
12 0.97734375 0.4305555555555556 0.0453125 0.15925925925925927
4 0.14166666666666666 0.43148148148148147 0.12291666666666666 0.14814814814814814
14 0.03463541666666667 0.43194444444444446 0.06927083333333334 0.1712962962962963
8 0.9119791666666667 0.4888888888888889 0.16041666666666668 0.19166666666666668
11 0.9658854166666667 0.5995370370370371 0.06822916666666666 0.18055555555555555
15 0.039322916666666666 0.6046296296296296 0.07864583333333333 0.19444444444444445
3 0.14947916666666666 0.6101851851851852 0.13697916666666668 0.18981481481481483
2 0.04010416666666667 0.7916666666666666 0.08020833333333334 0.2074074074074074
7 0.9549479166666667 0.7981481481481482 0.09010416666666667 0.20925925925925926
13 0.15104166666666666 0.8157407407407408 0.1359375 0.22962962962962963