5 0.42864583333333334 0.2675925925925926 0.12083333333333333 0.1685185185185185
6 0.5552083333333333 0.26944444444444443 0.13020833333333334 0.17407407407407408
9 0.303125 0.2740740740740741 0.11354166666666667 0.20185185185185187
1 0.6817708333333333 0.275 0.11145833333333334 0.19814814814814816
10 0.7057291666666666 0.39814814814814814 0.08125 0.1
12 0.5536458333333333 0.4305555555555556 0.1 0.17592592592592593
4 0.29583333333333334 0.43148148148148147 0.109375 0.19444444444444445
14 0.4322916666666667 0.43333333333333335 0.12291666666666666 0.21851851851851853
8 0.6505208333333333 0.4898148148148148 0.14479166666666668 0.2574074074074074
11 0.5630208333333333 0.6 0.13854166666666667 0.19074074074074074
15 0.4265625 0.6046296296296296 0.140625 0.20925925925925926
3 0.28802083333333334 0.6101851851851852 0.12395833333333334 0.22037037037037038
2 0.4203125 0.7925925925925926 0.128125 0.22777777777777777
7 0.5739583333333333 0.7981481481481482 0.15208333333333332 0.27037037037037037
13 0.2864583333333333 0.8157407407407408 0.14166666666666666 0.2518518518518518
5 0.033854166666666664 0.2671296296296296 0.06770833333333333 0.16018518518518518
6 0.9723958333333333 0.2689814814814815 0.05520833333333333 0.16203703703703703
9 0.134375 0.2740740740740741 0.1296875 0.16018518518518518
1 0.8807291666666667 0.275 0.11770833333333333 0.1638888888888889
10 0.8567708333333334 0.39814814814814814 0.0796875 0.0962962962962963
12 0.97734375 0.4305555555555556 0.0453125 0.15925925925925927
4 0.14166666666666666 0.43148148148148147 0.12291666666666666 0.14814814814814814
14 0.03463541666666667 0.43287037037037035 0.06927083333333334 0.16944444444444445
8 0.9119791666666667 0.4898148148148148 0.16041666666666668 0.19166666666666668
11 0.9658854166666667 0.5995370370370371 0.06822916666666666 0.18055555555555555
15 0.0390625 0.6046296296296296 0.078125 0.19444444444444445
3 0.14947916666666666 0.6101851851851852 0.13697916666666668 0.18981481481481483
2 0.03984375 0.7925925925925926 0.0796875 0.2074074074074074
7 0.9549479166666667 0.7981481481481482 0.09010416666666667 0.20925925925925926
13 0.15104166666666666 0.8157407407407408 0.1359375 0.22962962962962963