9 0.6265625 0.2518518518518518 0.13125 0.23333333333333334
4 0.3567708333333333 0.3037037037037037 0.08333333333333333 0.10555555555555556
6 0.4864583333333333 0.30462962962962964 0.10104166666666667 0.17962962962962964
7 0.271875 0.35 0.06770833333333333 0.12037037037037036
10 0.37864583333333335 0.37407407407407406 0.0875 0.1574074074074074
5 0.5734375 0.4287037037037037 0.13229166666666667 0.2351851851851852
15 0.2947916666666667 0.4287037037037037 0.125 0.1388888888888889
11 0.4328125 0.46944444444444444 0.10416666666666667 0.18518518518518517
12 0.503125 0.6185185185185185 0.12604166666666666 0.2
13 0.3463541666666667 0.6462962962962963 0.178125 0.31666666666666665
1 0.41328125 0.8495370370370371 0.16927083333333334 0.30092592592592593
14 0.671875 0.08981481481481482 0.15625 0.1685185185185185
2 0.4390625 0.225 0.09375 0.16666666666666666
9 0.9278645833333333 0.2518518518518518 0.14427083333333332 0.1574074074074074
4 0.08072916666666667 0.3037037037037037 0.0796875 0.09814814814814815
7 0.165625 0.35 0.071875 0.11018518518518519
10 0.058854166666666666 0.37407407407407406 0.11510416666666666 0.08888888888888889
5 0.96015625 0.42824074074074076 0.0796875 0.20092592592592592
15 0.14270833333333333 0.4287037037037037 0.11927083333333334 0.11388888888888889
11 0.03229166666666667 0.4689814814814815 0.06458333333333334 0.1398148148148148
13 0.09322916666666667 0.6458333333333334 0.18645833333333334 0.2638888888888889
1 0.058854166666666666 0.85 0.11770833333333333 0.21851851851851853
14 0.890625 0.08981481481481482 0.1546875 0.1648148148148148
2 0.028645833333333332 0.225 0.057291666666666664 0.08888888888888889