9 0.6265625 0.2518518518518518 0.15989583333333332 0.1574074074074074
4 0.35625 0.30277777777777776 0.0796875 0.1
6 0.4864583333333333 0.30462962962962964 0.10677083333333333 0.13240740740740742
7 0.271875 0.35 0.071875 0.11018518518518519
10 0.37864583333333335 0.37407407407407406 0.11510416666666666 0.08888888888888889
5 0.5734375 0.4287037037037037 0.13697916666666668 0.20092592592592592
15 0.2947916666666667 0.4287037037037037 0.11927083333333334 0.11388888888888889
11 0.4328125 0.46944444444444444 0.1203125 0.1398148148148148
12 0.503125 0.6185185185185185 0.12083333333333333 0.18981481481481483
13 0.3463541666666667 0.6472222222222223 0.190625 0.2638888888888889
1 0.41354166666666664 0.85 0.18802083333333333 0.21666666666666667
14 0.671875 0.08981481481481482 0.1546875 0.1648148148148148
2 0.4395833333333333 0.225 0.11666666666666667 0.08888888888888889
9 0.9278645833333333 0.2518518518518518 0.14427083333333332 0.1574074074074074
4 0.08125 0.30277777777777776 0.0796875 0.1
7 0.165625 0.35 0.071875 0.11018518518518519
10 0.058854166666666666 0.37407407407407406 0.11510416666666666 0.08888888888888889
5 0.96015625 0.42824074074074076 0.0796875 0.20092592592592592
15 0.14270833333333333 0.4287037037037037 0.11927083333333334 0.11388888888888889
11 0.03229166666666667 0.4689814814814815 0.06458333333333334 0.1398148148148148
13 0.09322916666666667 0.6467592592592593 0.18645833333333334 0.2638888888888889
1 0.058854166666666666 0.85 0.11770833333333333 0.21666666666666667
14 0.890625 0.08981481481481482 0.1546875 0.1648148148148148
2 0.028125 0.225 0.05625 0.08888888888888889