11 0.2864583333333333 0.6 0.12083333333333333 0.21481481481481482
14 0.22708333333333333 0.687037037037037 0.05625 0.1
9 0.2557291666666667 0.12962962962962962 0.06041666666666667 0.10925925925925926
2 0.3255208333333333 0.17685185185185184 0.058333333333333334 0.10555555555555556
4 0.24895833333333334 0.2324074074074074 0.057291666666666664 0.10185185185185185
15 0.3927083333333333 0.23703703703703705 0.07083333333333333 0.1259259259259259
6 0.46822916666666664 0.2796296296296296 0.08125 0.14444444444444443
1 0.3104166666666667 0.28055555555555556 0.07083333333333333 0.12407407407407407
7 0.24114583333333334 0.3425925925925926 0.0625 0.1111111111111111
8 0.3046875 0.4166666666666667 0.08125 0.14444444444444443
3 0.4796875 0.45092592592592595 0.10208333333333333 0.1814814814814815
5 0.23541666666666666 0.49722222222222223 0.03333333333333333 0.20185185185185187
10 0.38697916666666665 0.5231481481481481 0.10833333333333334 0.1925925925925926
11 0.15104166666666666 0.6 0.09895833333333333 0.23055555555555557
14 0.21041666666666667 0.687037037037037 0.0171875 0.15925925925925927
9 0.18177083333333333 0.12962962962962962 0.05677083333333333 0.10277777777777777
2 0.11197916666666667 0.17685185185185184 0.05677083333333333 0.08888888888888889
4 0.18854166666666666 0.2324074074074074 0.05520833333333333 0.10277777777777777
15 0.04479166666666667 0.23703703703703705 0.0703125 0.11481481481481481
1 0.12708333333333333 0.28055555555555556 0.06041666666666667 0.12777777777777777
7 0.19635416666666666 0.3425925925925926 0.0421875 0.1388888888888889
8 0.1328125 0.4166666666666667 0.07708333333333334 0.14629629629629629
5 0.20208333333333334 0.49722222222222223 0.03333333333333333 0.20092592592592592
10 0.050520833333333334 0.5231481481481481 0.08697916666666666 0.21851851851851853