11 0.2864583333333333 0.6 0.11666666666666667 0.20925925925925926
14 0.22708333333333333 0.687037037037037 0.05520833333333333 0.0962962962962963
9 0.2557291666666667 0.12962962962962962 0.057291666666666664 0.1037037037037037
2 0.325 0.17592592592592593 0.057291666666666664 0.10185185185185185
4 0.24895833333333334 0.2324074074074074 0.058333333333333334 0.10740740740740741
15 0.3927083333333333 0.23703703703703705 0.07291666666666667 0.11851851851851852
6 0.46822916666666664 0.2796296296296296 0.08020833333333334 0.14074074074074075
1 0.3104166666666667 0.28055555555555556 0.06041666666666667 0.12777777777777777
7 0.24114583333333334 0.3416666666666667 0.06666666666666667 0.11851851851851852
8 0.3046875 0.4166666666666667 0.08645833333333333 0.16111111111111112
3 0.4796875 0.45092592592592595 0.103125 0.18333333333333332
5 0.23541666666666666 0.49722222222222223 0.078125 0.1388888888888889
10 0.38697916666666665 0.5231481481481481 0.11145833333333334 0.19814814814814816
11 0.15104166666666666 0.6 0.09895833333333333 0.23055555555555557
14 0.21041666666666667 0.687037037037037 0.0171875 0.15925925925925927
9 0.18177083333333333 0.12962962962962962 0.05677083333333333 0.10277777777777777
2 0.1125 0.17592592592592593 0.0578125 0.08981481481481482
4 0.18854166666666666 0.2324074074074074 0.05520833333333333 0.10277777777777777
15 0.04479166666666667 0.23703703703703705 0.0703125 0.11481481481481481
1 0.12708333333333333 0.28055555555555556 0.06041666666666667 0.12777777777777777
7 0.19635416666666666 0.3416666666666667 0.0421875 0.1398148148148148
8 0.1328125 0.4166666666666667 0.07708333333333334 0.14629629629629629
5 0.20208333333333334 0.49722222222222223 0.03333333333333333 0.20092592592592592
10 0.050520833333333334 0.5231481481481481 0.08697916666666666 0.21851851851851853