14 0.5453125 0.6546296296296297 0.11875 0.2777777777777778
6 0.5755208333333334 0.2388888888888889 0.06979166666666667 0.1962962962962963
4 0.3572916666666667 0.26666666666666666 0.0625 0.1685185185185185
0 0.47708333333333336 0.3824074074074074 0.11666666666666667 0.2074074074074074
8 0.675 0.4287037037037037 0.09791666666666667 0.17407407407407408
12 0.34427083333333336 0.5212962962962963 0.09895833333333333 0.22407407407407406
14 0.9809895833333333 0.6546296296296297 0.03802083333333333 0.26666666666666666
6 0.9783854166666667 0.2388888888888889 0.043229166666666666 0.18703703703703703
4 0.08020833333333334 0.26666666666666666 0.059375 0.1648148148148148
8 0.8875 0.4287037037037037 0.07291666666666667 0.20462962962962963
12 0.09322916666666667 0.5212962962962963 0.09114583333333333 0.21481481481481482