14 0.5453125 0.6546296296296297 0.13854166666666667 0.2462962962962963
6 0.5755208333333334 0.2388888888888889 0.08229166666666667 0.14814814814814814
4 0.3572916666666667 0.26666666666666666 0.08333333333333333 0.14814814814814814
0 0.47708333333333336 0.3824074074074074 0.1125 0.2
8 0.6744791666666666 0.42777777777777776 0.084375 0.21666666666666667
12 0.34427083333333336 0.5212962962962963 0.10208333333333333 0.22962962962962963
14 0.9809895833333333 0.6546296296296297 0.03802083333333333 0.26666666666666666
6 0.9786458333333333 0.2388888888888889 0.042708333333333334 0.18703703703703703
4 0.08020833333333334 0.26666666666666666 0.059375 0.1648148148148148
8 0.8880208333333334 0.42777777777777776 0.07291666666666667 0.20555555555555555
12 0.09322916666666667 0.5212962962962963 0.09114583333333333 0.21481481481481482