14 0.5453125 0.6546296296296297 0.140625 0.25
6 0.5755208333333334 0.2388888888888889 0.08333333333333333 0.14814814814814814
4 0.3572916666666667 0.26666666666666666 0.07708333333333334 0.13703703703703704
0 0.47708333333333336 0.3824074074074074 0.0875 0.2462962962962963
8 0.675 0.4287037037037037 0.10416666666666667 0.18518518518518517
12 0.34427083333333336 0.5212962962962963 0.11458333333333333 0.2037037037037037
14 0.9809895833333333 0.6546296296296297 0.03802083333333333 0.26666666666666666
6 0.9783854166666667 0.2388888888888889 0.043229166666666666 0.18703703703703703
4 0.08020833333333334 0.26666666666666666 0.059375 0.1648148148148148
8 0.8875 0.4287037037037037 0.07291666666666667 0.20462962962962963
12 0.09322916666666667 0.5212962962962963 0.09114583333333333 0.21481481481481482