14 0.5453125 0.6546296296296297 0.121875 0.2796296296296296
6 0.5755208333333334 0.2388888888888889 0.06145833333333333 0.18888888888888888
4 0.3572916666666667 0.26666666666666666 0.08125 0.14444444444444443
0 0.47708333333333336 0.3824074074074074 0.084375 0.24444444444444444
8 0.6744791666666666 0.42777777777777776 0.09479166666666666 0.16666666666666666
12 0.34427083333333336 0.5212962962962963 0.10416666666666667 0.23148148148148148
14 0.9809895833333333 0.6546296296296297 0.03802083333333333 0.26666666666666666
6 0.9786458333333333 0.2388888888888889 0.042708333333333334 0.18703703703703703
4 0.08020833333333334 0.26666666666666666 0.059375 0.1648148148148148
8 0.8880208333333334 0.42777777777777776 0.07291666666666667 0.20555555555555555
12 0.09322916666666667 0.5212962962962963 0.09114583333333333 0.21481481481481482