2 0.2703125 0.3851851851851852 0.109375 0.19444444444444445
6 0.39739583333333334 0.3861111111111111 0.11979166666666667 0.21481481481481482
8 0.5390625 0.4074074074074074 0.11354166666666667 0.20185185185185187
11 0.6864583333333333 0.41759259259259257 0.11145833333333334 0.19814814814814816
14 0.5421875 0.5712962962962963 0.171875 0.2074074074074074
0 0.37604166666666666 0.5777777777777777 0.17291666666666666 0.22407407407407406
12 0.7208333333333333 0.8027777777777778 0.128125 0.26851851851851855
4 0.559375 0.8055555555555556 0.21666666666666667 0.2833333333333333
3 0.32760416666666664 0.21666666666666667 0.134375 0.2388888888888889
7 0.24114583333333334 0.225 0.05416666666666667 0.09814814814814815
15 0.47708333333333336 0.23148148148148148 0.13958333333333334 0.24814814814814815
13 0.6317708333333333 0.25 0.14375 0.2537037037037037
2 0.1671875 0.3851851851851852 0.0875 0.1962962962962963
6 0.05625 0.38564814814814813 0.1125 0.15462962962962962
8 0.9786458333333333 0.4074074074074074 0.042708333333333334 0.14629629629629629
11 0.8760416666666667 0.41759259259259257 0.1375 0.14166666666666666
14 0.96875 0.5708333333333333 0.0625 0.18981481481481483
0 0.07317708333333334 0.5777777777777777 0.14635416666666667 0.21851851851851853
12 0.8416666666666667 0.8027777777777778 0.11510416666666666 0.25
4 0.9497395833333333 0.8055555555555556 0.10052083333333334 0.25925925925925924
3 0.10989583333333333 0.21666666666666667 0.1484375 0.17777777777777778
7 0.19635416666666666 0.225 0.033854166666666664 0.11851851851851852
15 0.014583333333333334 0.23148148148148148 0.029166666666666667 0.2351851851851852
13 0.9294270833333333 0.24953703703703703 0.14114583333333333 0.2212962962962963