11 0.6432291666666666 0.6416666666666667 0.04895833333333333 0.21203703703703702
0 0.47552083333333334 0.6546296296296297 0.05677083333333333 0.17777777777777778
3 0.4109375 0.6712962962962963 0.06666666666666667 0.21203703703703702
4 0.5296875 0.6768518518518518 0.05416666666666667 0.14166666666666666
6 0.59375 0.6787037037037037 0.050520833333333334 0.16944444444444445
10 0.3151041666666667 0.7546296296296297 0.071875 0.2
15 0.5229166666666667 0.8296296296296296 0.0796875 0.22592592592592592
11 0.9192708333333334 0.6416666666666667 0.04895833333333333 0.21203703703703702
3 0.029947916666666668 0.6708333333333333 0.059895833333333336 0.21203703703703702
6 0.96875 0.6787037037037037 0.050520833333333334 0.16944444444444445
10 0.12239583333333333 0.7546296296296297 0.071875 0.2