11 0.6432291666666666 0.6416666666666667 0.057291666666666664 0.21666666666666667
0 0.47552083333333334 0.6546296296296297 0.0625 0.18333333333333332
3 0.4109375 0.6712962962962963 0.10104166666666667 0.17962962962962964
4 0.5296875 0.6759259259259259 0.07291666666666667 0.12962962962962962
6 0.59375 0.6787037037037037 0.075 0.13333333333333333
10 0.3151041666666667 0.7546296296296297 0.09895833333333333 0.17592592592592593
15 0.5229166666666667 0.8296296296296296 0.11041666666666666 0.1962962962962963
11 0.9192708333333334 0.6416666666666667 0.04895833333333333 0.21203703703703702
3 0.029947916666666668 0.6708333333333333 0.059895833333333336 0.21203703703703702
6 0.96875 0.6787037037037037 0.050520833333333334 0.16944444444444445
10 0.12239583333333333 0.7546296296296297 0.071875 0.2