6 0.6984375 0.5555555555555556 0.10208333333333333 0.1814814814814815
3 0.4161458333333333 0.5601851851851852 0.103125 0.18333333333333332
11 0.3125 0.5601851851851852 0.057291666666666664 0.2777777777777778
12 0.3614583333333333 0.5638888888888889 0.10208333333333333 0.17962962962962964
7 0.6453125 0.5657407407407408 0.09791666666666667 0.17407407407407408
15 0.5473958333333333 0.5796296296296296 0.1125 0.2
14 0.48020833333333335 0.5842592592592593 0.12291666666666666 0.22037037037037038
6 0.8640625 0.5555555555555556 0.04739583333333333 0.25
3 0.026822916666666665 0.5597222222222222 0.05364583333333333 0.25277777777777777
11 0.125 0.5601851851851852 0.0515625 0.275
12 0.07604166666666666 0.5638888888888889 0.042708333333333334 0.2777777777777778
7 0.9171875 0.5657407407407408 0.04635416666666667 0.2638888888888889