6 0.6984375 0.5555555555555556 0.04739583333333333 0.25
3 0.4161458333333333 0.5601851851851852 0.06458333333333334 0.25277777777777777
11 0.3125 0.5601851851851852 0.0515625 0.275
12 0.3614583333333333 0.5638888888888889 0.042708333333333334 0.2777777777777778
7 0.6453125 0.5657407407407408 0.04635416666666667 0.2638888888888889
15 0.5473958333333333 0.5796296296296296 0.05 0.275
14 0.48020833333333335 0.5842592592592593 0.1 0.2462962962962963
6 0.8640625 0.5555555555555556 0.04739583333333333 0.25
3 0.026822916666666665 0.5597222222222222 0.05364583333333333 0.25277777777777777
11 0.125 0.5601851851851852 0.0515625 0.275
12 0.07604166666666666 0.5638888888888889 0.042708333333333334 0.2777777777777778
7 0.9171875 0.5657407407407408 0.04635416666666667 0.2638888888888889