6 0.6984375 0.5564814814814815 0.09895833333333333 0.17407407407407408
3 0.4161458333333333 0.5601851851851852 0.10729166666666666 0.18888888888888888
11 0.31302083333333336 0.5601851851851852 0.10625 0.18888888888888888
12 0.3614583333333333 0.5648148148148148 0.10208333333333333 0.1814814814814815
7 0.6453125 0.5657407407407408 0.10520833333333333 0.18703703703703703
15 0.5473958333333333 0.5796296296296296 0.103125 0.18518518518518517
14 0.48020833333333335 0.5842592592592593 0.12708333333333333 0.22592592592592592
6 0.8640625 0.5564814814814815 0.04739583333333333 0.24814814814814815
3 0.026822916666666665 0.5597222222222222 0.05364583333333333 0.25277777777777777
11 0.12447916666666667 0.5601851851851852 0.0515625 0.275
12 0.07604166666666666 0.5648148148148148 0.042708333333333334 0.2759259259259259
7 0.9171875 0.5657407407407408 0.04635416666666667 0.2638888888888889