6 0.6984375 0.5564814814814815 0.10104166666666667 0.17962962962962964
3 0.4161458333333333 0.5601851851851852 0.11354166666666667 0.20185185185185187
11 0.31302083333333336 0.5601851851851852 0.103125 0.18333333333333332
12 0.3614583333333333 0.5648148148148148 0.1 0.17777777777777778
7 0.6453125 0.5657407407407408 0.059375 0.27037037037037037
15 0.5473958333333333 0.5796296296296296 0.05520833333333333 0.2759259259259259
14 0.48020833333333335 0.5842592592592593 0.121875 0.21666666666666667
6 0.8640625 0.5564814814814815 0.04739583333333333 0.24814814814814815
3 0.026822916666666665 0.5597222222222222 0.05364583333333333 0.25277777777777777
11 0.12447916666666667 0.5601851851851852 0.0515625 0.275
12 0.07604166666666666 0.5648148148148148 0.042708333333333334 0.2759259259259259
7 0.9171875 0.5657407407407408 0.04635416666666667 0.2638888888888889