6 0.6984375 0.5555555555555556 0.09479166666666666 0.1685185185185185
3 0.4161458333333333 0.5601851851851852 0.07604166666666666 0.2611111111111111
11 0.31302083333333336 0.5601851851851852 0.11145833333333334 0.19814814814814816
12 0.3614583333333333 0.5638888888888889 0.1 0.17777777777777778
7 0.6453125 0.5657407407407408 0.09895833333333333 0.17592592592592593
15 0.5473958333333333 0.5796296296296296 0.10520833333333333 0.18703703703703703
14 0.48020833333333335 0.5842592592592593 0.1125 0.2611111111111111
6 0.8640625 0.5555555555555556 0.04739583333333333 0.25
3 0.026822916666666665 0.5597222222222222 0.05364583333333333 0.25277777777777777
11 0.12447916666666667 0.5601851851851852 0.0515625 0.275
12 0.07604166666666666 0.5638888888888889 0.042708333333333334 0.2777777777777778
7 0.9171875 0.5657407407407408 0.04635416666666667 0.2638888888888889