6 0.6984375 0.5555555555555556 0.09791666666666667 0.17407407407407408
3 0.4161458333333333 0.5601851851851852 0.10625 0.18888888888888888
11 0.3125 0.5601851851851852 0.1125 0.2
12 0.3614583333333333 0.5638888888888889 0.10625 0.18888888888888888
7 0.6453125 0.5657407407407408 0.09895833333333333 0.17592592592592593
15 0.5473958333333333 0.5796296296296296 0.051041666666666666 0.2740740740740741
14 0.48020833333333335 0.5842592592592593 0.1125 0.2611111111111111
6 0.8640625 0.5555555555555556 0.04739583333333333 0.25
3 0.026822916666666665 0.5597222222222222 0.05364583333333333 0.25277777777777777
11 0.125 0.5601851851851852 0.0515625 0.275
12 0.07604166666666666 0.5638888888888889 0.042708333333333334 0.2777777777777778
7 0.9171875 0.5657407407407408 0.04635416666666667 0.2638888888888889