10 0.5953125 0.6509259259259259 0.11666666666666667 0.2074074074074074
1 0.5119791666666667 0.7148148148148148 0.125 0.22407407407407406
2 0.421875 0.7694444444444445 0.115625 0.20555555555555555
13 0.6489583333333333 0.13425925925925927 0.07916666666666666 0.21851851851851853
4 0.4505208333333333 0.17037037037037037 0.07604166666666666 0.13518518518518519
9 0.5151041666666667 0.22314814814814815 0.06666666666666667 0.11851851851851852
8 0.4354166666666667 0.2935185185185185 0.08020833333333334 0.1425925925925926
5 0.5817708333333333 0.3296296296296296 0.065625 0.15185185185185185
0 0.5119791666666667 0.3611111111111111 0.07395833333333333 0.12962962962962962
3 0.6546875 0.41944444444444445 0.08541666666666667 0.15185185185185185
7 0.43333333333333335 0.4305555555555556 0.090625 0.16111111111111112
14 0.5869791666666667 0.4666666666666667 0.08125 0.14444444444444443
15 0.5119791666666667 0.5083333333333333 0.075 0.16296296296296298
6 0.7333333333333333 0.5555555555555556 0.07395833333333333 0.2111111111111111
12 0.4270833333333333 0.5712962962962963 0.09375 0.1648148148148148
11 0.6666666666666666 0.5888888888888889 0.08541666666666667 0.21851851851851853
10 0.9658854166666667 0.6504629629629629 0.06822916666666666 0.25277777777777777
2 0.02890625 0.7694444444444445 0.0578125 0.22592592592592592
13 0.9135416666666667 0.13425925925925927 0.07291666666666667 0.21203703703703702
4 0.0109375 0.1699074074074074 0.021875 0.12314814814814815
8 0.0203125 0.2935185185185185 0.040625 0.12777777777777777
5 0.9752604166666666 0.3296296296296296 0.049479166666666664 0.14629629629629629
3 0.9078125 0.41944444444444445 0.07447916666666667 0.1648148148148148
7 0.024479166666666666 0.4305555555555556 0.04895833333333333 0.15925925925925927
14 0.9700520833333334 0.46620370370370373 0.059895833333333336 0.1398148148148148
6 0.8291666666666667 0.5555555555555556 0.0703125 0.20925925925925926
12 0.027604166666666666 0.5708333333333333 0.05520833333333333 0.1638888888888889
11 0.8958333333333334 0.5888888888888889 0.084375 0.21851851851851853