10 0.5953125 0.6509259259259259 0.1125 0.2
1 0.5119791666666667 0.7148148148148148 0.13229166666666667 0.2351851851851852
2 0.421875 0.7694444444444445 0.10729166666666666 0.19074074074074074
13 0.6489583333333333 0.13425925925925927 0.0875 0.22592592592592592
4 0.4505208333333333 0.17037037037037037 0.07083333333333333 0.12407407407407407
9 0.5151041666666667 0.22314814814814815 0.065625 0.11666666666666667
8 0.4354166666666667 0.2935185185185185 0.08229166666666667 0.13703703703703704
5 0.5817708333333333 0.3296296296296296 0.078125 0.1388888888888889
0 0.5119791666666667 0.3611111111111111 0.07395833333333333 0.13148148148148148
3 0.6546875 0.4203703703703704 0.0875 0.15555555555555556
7 0.43333333333333335 0.4305555555555556 0.09583333333333334 0.17037037037037037
14 0.5869791666666667 0.4675925925925926 0.08020833333333334 0.1425925925925926
15 0.5119791666666667 0.5083333333333333 0.08125 0.14444444444444443
6 0.7333333333333333 0.5555555555555556 0.1 0.17777777777777778
12 0.4270833333333333 0.5722222222222222 0.09895833333333333 0.17592592592592593
11 0.6666666666666666 0.5888888888888889 0.11458333333333333 0.2037037037037037
10 0.9658854166666667 0.6504629629629629 0.06822916666666666 0.25277777777777777
2 0.02890625 0.7694444444444445 0.0578125 0.22592592592592592
13 0.9135416666666667 0.13425925925925927 0.07291666666666667 0.21203703703703702
4 0.0109375 0.1699074074074074 0.021875 0.12314814814814815
8 0.0203125 0.2935185185185185 0.040625 0.12777777777777777
5 0.9752604166666666 0.3296296296296296 0.049479166666666664 0.14629629629629629
3 0.9078125 0.4203703703703704 0.07447916666666667 0.1638888888888889
7 0.024479166666666666 0.4305555555555556 0.04895833333333333 0.15925925925925927
14 0.9700520833333334 0.4675925925925926 0.059895833333333336 0.1388888888888889
6 0.8291666666666667 0.5555555555555556 0.0703125 0.20925925925925926
12 0.027604166666666666 0.5717592592592593 0.05520833333333333 0.1638888888888889
11 0.8958333333333334 0.5888888888888889 0.084375 0.21851851851851853