12 0.44635416666666666 0.5472222222222223 0.078125 0.1388888888888889
1 0.5078125 0.5962962962962963 0.06354166666666666 0.1685185185185185
2 0.4588541666666667 0.7101851851851851 0.07083333333333333 0.17222222222222222
3 0.4234375 0.11851851851851852 0.06979166666666667 0.12407407407407407
6 0.47708333333333336 0.15 0.065625 0.11666666666666667
11 0.5265625 0.19444444444444445 0.057291666666666664 0.1574074074074074
8 0.58125 0.23425925925925925 0.06041666666666667 0.15925925925925927
4 0.4276041666666667 0.25 0.07083333333333333 0.1259259259259259
14 0.6369791666666667 0.2796296296296296 0.06770833333333333 0.12037037037037036
7 0.48385416666666664 0.2898148148148148 0.07604166666666666 0.13518518518518519
9 0.5411458333333333 0.3435185185185185 0.057291666666666664 0.1537037037037037
11 0.4427083333333333 0.3907407407407407 0.08333333333333333 0.14814814814814814
15 0.5984375 0.39351851851851855 0.07395833333333333 0.13148148148148148
0 0.5015625 0.4444444444444444 0.05 0.14629629629629629
10 0.55625 0.4962962962962963 0.06458333333333334 0.11481481481481481
12 0.012239583333333333 0.5467592592592593 0.024479166666666666 0.15462962962962962
3 0.01875 0.11851851851851852 0.0375 0.15555555555555556
8 0.97578125 0.23425925925925925 0.0484375 0.15925925925925927
4 0.018489583333333334 0.25 0.03697916666666667 0.13703703703703704
14 0.9255208333333333 0.2796296296296296 0.0578125 0.1259259259259259
11 0.013541666666666667 0.3902777777777778 0.027083333333333334 0.15462962962962962
15 0.9640625 0.39351851851851855 0.05677083333333333 0.15925925925925927
10 0.9903645833333333 0.4962962962962963 0.019270833333333334 0.12777777777777777