14 0.4947916666666667 0.462037037037037 0.03958333333333333 0.07037037037037037
12 0.5270833333333333 0.5092592592592593 0.04479166666666667 0.07962962962962963
2 0.46822916666666664 0.512962962962963 0.04791666666666667 0.08518518518518518
6 0.5729166666666666 0.5509259259259259 0.04583333333333333 0.08148148148148149
10 0.4395833333333333 0.5555555555555556 0.04479166666666667 0.05925925925925926
8 0.5052083333333334 0.5666666666666667 0.04895833333333333 0.08703703703703704
1 0.609375 0.6037037037037037 0.052083333333333336 0.07592592592592592
15 0.5447916666666667 0.6064814814814815 0.04895833333333333 0.08518518518518518
0 0.4786458333333333 0.6092592592592593 0.046875 0.08333333333333333
4 0.40989583333333335 0.6111111111111112 0.05416666666666667 0.09814814814814815
3 0.6473958333333333 0.712037037037037 0.09375 0.16666666666666666
11 0.3645833333333333 0.7157407407407408 0.096875 0.17222222222222222
5 0.578125 0.7194444444444444 0.06770833333333333 0.1814814814814815
7 0.5083333333333333 0.7212962962962963 0.07083333333333333 0.18518518518518517
9 0.4395833333333333 0.725925925925926 0.07291666666666667 0.1925925925925926
13 0.4947916666666667 0.1425925925925926 0.05625 0.1
6 0.9828125 0.5504629629629629 0.034375 0.075
10 0.01015625 0.5555555555555556 0.0203125 0.05925925925925926
1 0.953125 0.6037037037037037 0.05 0.06944444444444445
4 0.02890625 0.6111111111111112 0.0578125 0.07592592592592592
3 0.9151041666666667 0.712037037037037 0.07708333333333334 0.1824074074074074
11 0.07291666666666667 0.7157407407407408 0.07552083333333333 0.17592592592592593
5 0.9765625 0.7194444444444444 0.046875 0.17592592592592593
9 0.015364583333333333 0.725462962962963 0.030729166666666665 0.18425925925925926