14 0.4947916666666667 0.462037037037037 0.04375 0.06296296296296296
12 0.5276041666666667 0.5092592592592593 0.04583333333333333 0.06666666666666667
2 0.46822916666666664 0.512962962962963 0.04375 0.07777777777777778
6 0.5729166666666666 0.5509259259259259 0.052083333333333336 0.08518518518518518
10 0.4395833333333333 0.5555555555555556 0.042708333333333334 0.07592592592592592
8 0.5052083333333334 0.5666666666666667 0.046875 0.08333333333333333
1 0.609375 0.6037037037037037 0.053125 0.07777777777777778
15 0.5447916666666667 0.6064814814814815 0.04791666666666667 0.08518518518518518
0 0.4791666666666667 0.6092592592592593 0.04479166666666667 0.07962962962962963
4 0.40989583333333335 0.6111111111111112 0.06354166666666666 0.08518518518518518
3 0.6473958333333333 0.7129629629629629 0.09895833333333333 0.17592592592592593
11 0.3645833333333333 0.7157407407407408 0.0875 0.15555555555555556
5 0.5786458333333333 0.7203703703703703 0.084375 0.15
7 0.5083333333333333 0.7212962962962963 0.090625 0.16111111111111112
9 0.4395833333333333 0.725925925925926 0.08541666666666667 0.15185185185185185
13 0.4947916666666667 0.1425925925925926 0.058333333333333334 0.1037037037037037
6 0.9828125 0.5504629629629629 0.034375 0.075
10 0.01015625 0.5555555555555556 0.0203125 0.05925925925925926
1 0.953125 0.6037037037037037 0.05 0.06944444444444445
4 0.02890625 0.6111111111111112 0.0578125 0.07592592592592592
3 0.9151041666666667 0.7129629629629629 0.07708333333333334 0.1824074074074074
11 0.07291666666666667 0.7157407407407408 0.07552083333333333 0.17592592592592593
5 0.9763020833333333 0.7203703703703703 0.04739583333333333 0.17592592592592593
9 0.015364583333333333 0.725462962962963 0.030729166666666665 0.18425925925925926