14 0.4942708333333333 0.462037037037037 0.040625 0.07222222222222222
12 0.5276041666666667 0.5092592592592593 0.04479166666666667 0.07962962962962963
2 0.46822916666666664 0.512962962962963 0.04583333333333333 0.08518518518518518
6 0.5729166666666666 0.5509259259259259 0.04583333333333333 0.08148148148148149
10 0.4395833333333333 0.5555555555555556 0.04791666666666667 0.06666666666666667
8 0.5052083333333334 0.5666666666666667 0.04895833333333333 0.08703703703703704
1 0.609375 0.6037037037037037 0.05 0.07037037037037037
15 0.5447916666666667 0.6064814814814815 0.04583333333333333 0.08703703703703704
0 0.4786458333333333 0.6092592592592593 0.04479166666666667 0.07962962962962963
4 0.409375 0.6101851851851852 0.06145833333333333 0.07777777777777778
3 0.6473958333333333 0.712037037037037 0.084375 0.19074074074074074
11 0.3645833333333333 0.7157407407407408 0.09375 0.16666666666666666
5 0.5786458333333333 0.7203703703703703 0.084375 0.15
7 0.5083333333333333 0.7212962962962963 0.08958333333333333 0.15925925925925927
9 0.4390625 0.725925925925926 0.07291666666666667 0.1925925925925926
13 0.4942708333333333 0.1425925925925926 0.058333333333333334 0.1037037037037037
6 0.9828125 0.5504629629629629 0.034375 0.075
10 0.01015625 0.5555555555555556 0.0203125 0.05925925925925926
1 0.953125 0.6037037037037037 0.05 0.06944444444444445
4 0.029427083333333333 0.6101851851851852 0.058854166666666666 0.07777777777777778
3 0.9151041666666667 0.712037037037037 0.07708333333333334 0.1824074074074074
11 0.07291666666666667 0.7157407407407408 0.07552083333333333 0.17592592592592593
5 0.9763020833333333 0.7203703703703703 0.04739583333333333 0.17592592592592593
9 0.015625 0.725462962962963 0.03125 0.18425925925925926