2 0.49895833333333334 0.21203703703703702 0.10416666666666667 0.2851851851851852
8 0.6588541666666666 0.21388888888888888 0.13854166666666667 0.2462962962962963
12 0.35260416666666666 0.25462962962962965 0.15833333333333333 0.2796296296296296
15 0.6015625 0.42407407407407405 0.11875 0.3814814814814815
14 0.4239583333333333 0.4601851851851852 0.15833333333333333 0.2814814814814815
0 0.53125 0.6898148148148148 0.2125 0.37777777777777777
8 0.9036458333333334 0.21388888888888888 0.10364583333333334 0.2851851851851852
12 0.08489583333333334 0.25462962962962965 0.1203125 0.2935185185185185
15 0.9544270833333334 0.4236111111111111 0.09114583333333333 0.36944444444444446
14 0.037760416666666664 0.4601851851851852 0.07552083333333333 0.337037037037037
0 0.9747395833333333 0.6893518518518519 0.050520833333333334 0.4324074074074074