8 0.5401041666666667 0.3194444444444444 0.059375 0.09166666666666666
9 0.5953125 0.39444444444444443 0.071875 0.10277777777777777
3 0.4817708333333333 0.3962962962962963 0.07447916666666667 0.0962962962962963
5 0.3125 0.41759259259259257 0.08958333333333333 0.11944444444444445
0 0.5286458333333334 0.45092592592592595 0.08229166666666667 0.125
7 0.4088541666666667 0.45555555555555555 0.08489583333333334 0.10555555555555556
11 0.6515625 0.475 0.0921875 0.13425925925925927
2 0.24583333333333332 0.5657407407407408 0.04895833333333333 0.20092592592592592
12 0.45989583333333334 0.5833333333333334 0.10260416666666666 0.2101851851851852
14 0.33697916666666666 0.5898148148148148 0.1125 0.2351851851851852
10 0.7135416666666666 0.5953703703703703 0.11927083333333334 0.22592592592592592
15 0.5895833333333333 0.6046296296296296 0.1125 0.25277777777777777
4 0.5 0.26944444444444443 0.059375 0.0962962962962963
9 0.965625 0.3939814814814815 0.06875 0.10277777777777777
5 0.125 0.41759259259259257 0.08958333333333333 0.11944444444444445
7 0.035416666666666666 0.45555555555555555 0.07083333333333333 0.10555555555555556
11 0.9109375 0.475 0.0921875 0.13425925925925927
2 0.19166666666666668 0.5657407407407408 0.04895833333333333 0.20092592592592592
12 0.014322916666666666 0.5828703703703704 0.028645833333333332 0.2101851851851852
14 0.10052083333333334 0.5898148148148148 0.1125 0.2351851851851852
10 0.8489583333333334 0.5953703703703703 0.11927083333333334 0.22592592592592592
15 0.9583333333333334 0.6041666666666666 0.08333333333333333 0.25277777777777777