8 0.5401041666666667 0.31851851851851853 0.06145833333333333 0.0962962962962963
9 0.5953125 0.39444444444444443 0.06666666666666667 0.11851851851851852
3 0.4817708333333333 0.3962962962962963 0.06979166666666667 0.12222222222222222
5 0.3125 0.4166666666666667 0.08541666666666667 0.15185185185185185
0 0.5286458333333334 0.45092592592592595 0.08541666666666667 0.13148148148148148
7 0.4083333333333333 0.45555555555555555 0.08854166666666667 0.11666666666666667
11 0.6515625 0.475 0.09583333333333334 0.1425925925925926
2 0.24583333333333332 0.5657407407407408 0.059375 0.2074074074074074
12 0.45989583333333334 0.5824074074074074 0.1125 0.20185185185185187
14 0.33697916666666666 0.5898148148148148 0.13229166666666667 0.2351851851851852
10 0.7135416666666666 0.5953703703703703 0.128125 0.24074074074074073
15 0.5895833333333333 0.6046296296296296 0.140625 0.25
4 0.5 0.26944444444444443 0.06145833333333333 0.10925925925925926
9 0.965625 0.3939814814814815 0.06875 0.10277777777777777
5 0.125 0.4166666666666667 0.08958333333333333 0.12129629629629629
7 0.03567708333333333 0.45555555555555555 0.07135416666666666 0.10555555555555556
11 0.9109375 0.475 0.0921875 0.13425925925925927
2 0.19166666666666668 0.5657407407407408 0.04895833333333333 0.20092592592592592
12 0.014322916666666666 0.5819444444444445 0.028645833333333332 0.2101851851851852
14 0.10052083333333334 0.5898148148148148 0.1125 0.2351851851851852
10 0.8489583333333334 0.5953703703703703 0.11927083333333334 0.22592592592592592
15 0.9583333333333334 0.6041666666666666 0.08333333333333333 0.25277777777777777