8 0.5401041666666667 0.3194444444444444 0.057291666666666664 0.1037037037037037
9 0.5953125 0.39444444444444443 0.07708333333333334 0.11481481481481481
3 0.4817708333333333 0.3962962962962963 0.07083333333333333 0.1259259259259259
5 0.3125 0.41759259259259257 0.08645833333333333 0.1537037037037037
0 0.5286458333333334 0.45092592592592595 0.08645833333333333 0.13333333333333333
7 0.4088541666666667 0.45555555555555555 0.08541666666666667 0.10740740740740741
11 0.6515625 0.475 0.090625 0.16111111111111112
2 0.24583333333333332 0.5657407407407408 0.08958333333333333 0.15925925925925927
12 0.45989583333333334 0.5833333333333334 0.1125 0.2
14 0.33697916666666666 0.5898148148148148 0.12916666666666668 0.22962962962962963
10 0.7135416666666666 0.5953703703703703 0.121875 0.23148148148148148
15 0.5895833333333333 0.6046296296296296 0.13541666666666666 0.24074074074074073
4 0.5 0.26944444444444443 0.06145833333333333 0.10925925925925926
9 0.965625 0.3939814814814815 0.06875 0.10277777777777777
5 0.125 0.41759259259259257 0.08958333333333333 0.11944444444444445
7 0.035416666666666666 0.45555555555555555 0.07083333333333333 0.10555555555555556
11 0.9109375 0.475 0.0921875 0.13425925925925927
2 0.19166666666666668 0.5657407407407408 0.04895833333333333 0.20092592592592592
12 0.014322916666666666 0.5828703703703704 0.028645833333333332 0.2101851851851852
14 0.10052083333333334 0.5898148148148148 0.1125 0.2351851851851852
10 0.8489583333333334 0.5953703703703703 0.11927083333333334 0.22592592592592592
15 0.9583333333333334 0.6041666666666666 0.08333333333333333 0.25277777777777777