8 0.6630208333333333 0.38796296296296295 0.15104166666666666 0.27037037037037037
3 0.5885416666666666 0.49444444444444446 0.14791666666666667 0.26296296296296295
6 0.38177083333333334 0.5268518518518519 0.315625 0.4981481481481482
11 0.684375 0.7268518518518519 0.1625 0.29074074074074074
4 0.68046875 0.9046296296296297 0.13385416666666666 0.19074074074074074
1 0.6067708333333334 0.18518518518518517 0.16354166666666667 0.29074074074074074
5 0.4348958333333333 0.21388888888888888 0.146875 0.25925925925925924
8 0.8994791666666667 0.38796296296296295 0.17552083333333332 0.21388888888888888
3 0.95390625 0.49398148148148147 0.0921875 0.2898148148148148
6 0.103125 0.5268518518518519 0.20625 0.4666666666666667
11 0.878125 0.7268518518518519 0.1703125 0.26666666666666666
4 0.8817708333333333 0.9296296296296296 0.1828125 0.13703703703703704
1 0.9377604166666667 0.18472222222222223 0.12447916666666667 0.23981481481481481
5 0.045572916666666664 0.21342592592592594 0.09114583333333333 0.1935185185185185