7 0.34427083333333336 0.29444444444444445 0.10625 0.18888888888888888
9 0.46458333333333335 0.3212962962962963 0.1 0.17222222222222222
1 0.7041666666666667 0.32037037037037036 0.11145833333333334 0.19814814814814816
5 0.5802083333333333 0.32314814814814813 0.10416666666666667 0.18703703703703703
2 0.32916666666666666 0.47314814814814815 0.12604166666666666 0.22407407407407406
13 0.3015625 0.7944444444444444 0.128125 0.2537037037037037
7 0.09322916666666667 0.29444444444444445 0.1125 0.15092592592592594
9 0.0109375 0.3212962962962963 0.021875 0.1685185185185185
1 0.8583333333333333 0.32037037037037036 0.11666666666666667 0.1824074074074074
5 0.9609375 0.32314814814814813 0.078125 0.14629629629629629
2 0.10833333333333334 0.47314814814814815 0.12291666666666666 0.1962962962962963
13 0.1359375 0.7944444444444444 0.12708333333333333 0.25277777777777777