14 0.26927083333333335 0.5425925925925926 0.15104166666666666 0.26851851851851855
12 0.5661458333333333 0.5425925925925926 0.103125 0.3425925925925926
0 0.42083333333333334 0.6027777777777777 0.23020833333333332 0.40925925925925927
10 0.4078125 0.31296296296296294 0.18229166666666666 0.32592592592592595
6 0.6489583333333333 0.4462962962962963 0.075 0.22777777777777777
7 0.728125 0.475 0.12604166666666666 0.22407407407407406
14 0.16822916666666668 0.5425925925925926 0.09479166666666666 0.3509259259259259
12 0.9729166666666667 0.5421296296296296 0.05416666666666667 0.3416666666666667
0 0.06276041666666667 0.6027777777777777 0.12552083333333333 0.37777777777777777
10 0.06510416666666667 0.3125 0.13020833333333334 0.2638888888888889
6 0.9135416666666667 0.4462962962962963 0.0734375 0.22592592592592592
7 0.834375 0.475 0.1 0.2388888888888889