14 0.26927083333333335 0.5425925925925926 0.1125 0.3648148148148148
12 0.5661458333333333 0.5425925925925926 0.11666666666666667 0.3537037037037037
0 0.42083333333333334 0.6027777777777777 0.23020833333333332 0.40925925925925927
10 0.4078125 0.31296296296296294 0.19270833333333334 0.3425925925925926
6 0.6494791666666667 0.44722222222222224 0.10625 0.18888888888888888
7 0.728125 0.475 0.121875 0.21666666666666667
14 0.16822916666666668 0.5425925925925926 0.09479166666666666 0.3509259259259259
12 0.9729166666666667 0.5421296296296296 0.05416666666666667 0.3416666666666667
0 0.06276041666666667 0.6027777777777777 0.12552083333333333 0.37777777777777777
10 0.06510416666666667 0.3125 0.13020833333333334 0.2638888888888889
6 0.9130208333333333 0.44722222222222224 0.07291666666666667 0.22592592592592592
7 0.834375 0.475 0.1 0.2388888888888889