11 0.5796875 0.625 0.134375 0.27037037037037037
1 0.42864583333333334 0.6342592592592593 0.13541666666666666 0.26481481481481484
9 0.715625 0.6398148148148148 0.13229166666666667 0.2351851851851852
15 0.2796875 0.6407407407407407 0.121875 0.23333333333333334
3 0.5796875 0.887962962962963 0.125 0.2222222222222222
7 0.2833333333333333 0.887962962962963 0.128125 0.2111111111111111
13 0.7171875 0.8888888888888888 0.12083333333333333 0.21481481481481482
5 0.4283854166666667 0.8939814814814815 0.11927083333333334 0.21203703703703702
14 0.28125 0.10925925925925926 0.12604166666666666 0.20925925925925926
2 0.4270833333333333 0.10925925925925926 0.12708333333333333 0.2
10 0.7135416666666666 0.11203703703703703 0.12291666666666666 0.21666666666666667
12 0.571875 0.11851851851851852 0.13333333333333333 0.23703703703703705
4 0.5708333333333333 0.3648148148148148 0.1375 0.24259259259259258
0 0.715625 0.3685185185185185 0.134375 0.2388888888888889
8 0.2864583333333333 0.375 0.13958333333333334 0.2462962962962963
6 0.4270833333333333 0.37592592592592594 0.13229166666666667 0.24074074074074073
11 0.9611979166666667 0.625 0.07760416666666667 0.25
1 0.036458333333333336 0.6337962962962963 0.07291666666666667 0.25277777777777777
9 0.846875 0.6398148148148148 0.11510416666666666 0.22592592592592592
15 0.1578125 0.6407407407407407 0.11666666666666667 0.22592592592592592
3 0.959375 0.8875 0.08125 0.21388888888888888
7 0.15416666666666667 0.887962962962963 0.12552083333333333 0.20462962962962963
13 0.8453125 0.8888888888888888 0.11822916666666666 0.2
5 0.033854166666666664 0.8944444444444445 0.06770833333333333 0.20925925925925926
14 0.15625 0.10925925925925926 0.121875 0.20092592592592592
2 0.036458333333333336 0.10925925925925926 0.07291666666666667 0.1962962962962963
10 0.8489583333333334 0.11203703703703703 0.11927083333333334 0.21203703703703702
12 0.9645833333333333 0.11851851851851852 0.07083333333333333 0.21851851851851853
4 0.9627604166666667 0.3648148148148148 0.07447916666666667 0.22777777777777777
0 0.846875 0.3685185185185185 0.121875 0.25
8 0.15104166666666666 0.375 0.1359375 0.22314814814814815
6 0.036458333333333336 0.37592592592592594 0.07291666666666667 0.22777777777777777