11 0.5796875 0.625 0.13125 0.23333333333333334
1 0.42916666666666664 0.6342592592592593 0.140625 0.2740740740740741
9 0.715625 0.6398148148148148 0.12395833333333334 0.24074074074074073
15 0.2796875 0.6407407407407407 0.121875 0.21666666666666667
3 0.5794270833333334 0.8865740740740741 0.12864583333333332 0.22685185185185186
7 0.2833333333333333 0.887962962962963 0.13125 0.21851851851851853
13 0.7171875 0.8888888888888888 0.11875 0.2111111111111111
5 0.42864583333333334 0.8944444444444445 0.11875 0.2111111111111111
14 0.28125 0.10925925925925926 0.125 0.2074074074074074
2 0.4270833333333333 0.10925925925925926 0.13541666666666666 0.21666666666666667
10 0.71328125 0.11296296296296296 0.12864583333333332 0.22592592592592592
12 0.571875 0.11851851851851852 0.13020833333333334 0.23148148148148148
4 0.5713541666666667 0.3648148148148148 0.14270833333333333 0.25
0 0.715625 0.3685185185185185 0.134375 0.2388888888888889
8 0.2864583333333333 0.375 0.14375 0.25555555555555554
6 0.4270833333333333 0.37592592592592594 0.134375 0.23703703703703705
11 0.9611979166666667 0.625 0.07760416666666667 0.25
1 0.0359375 0.6337962962962963 0.071875 0.25277777777777777
9 0.846875 0.6398148148148148 0.11510416666666666 0.22592592592592592
15 0.1578125 0.6407407407407407 0.11666666666666667 0.22592592592592592
3 0.959375 0.8875 0.08125 0.21388888888888888
7 0.15416666666666667 0.887962962962963 0.12552083333333333 0.20462962962962963
13 0.8453125 0.8888888888888888 0.11822916666666666 0.2
5 0.033854166666666664 0.8944444444444445 0.06770833333333333 0.20925925925925926
14 0.15625 0.10925925925925926 0.121875 0.20092592592592592
2 0.036458333333333336 0.10925925925925926 0.07291666666666667 0.1962962962962963
10 0.8489583333333334 0.11203703703703703 0.11927083333333334 0.21203703703703702
12 0.9645833333333333 0.11851851851851852 0.07083333333333333 0.21851851851851853
4 0.9627604166666667 0.3648148148148148 0.07447916666666667 0.22777777777777777
0 0.846875 0.3685185185185185 0.121875 0.25
8 0.15104166666666666 0.375 0.1359375 0.22314814814814815
6 0.036458333333333336 0.37592592592592594 0.07291666666666667 0.22777777777777777