0 0.5828125 0.49074074074074076 0.16458333333333333 0.29074074074074074
12 0.2890625 0.549074074074074 0.171875 0.3055555555555556
12 0.4625 0.6833333333333333 0.19583333333333333 0.35
14 0.3619791666666667 0.8592592592592593 0.030208333333333334 0.012962962962962963
13 0.3145833333333333 0.2388888888888889 0.17604166666666668 0.31296296296296294
5 0.6348958333333333 0.3101851851851852 0.175 0.28703703703703703
0 0.9484375 0.49027777777777776 0.103125 0.26944444444444443
12 0.1484375 0.549074074074074 0.1296875 0.3351851851851852
12 0.03411458333333333 0.6828703703703703 0.06822916666666666 0.36018518518518516
14 0.07552083333333333 0.8592592592592593 0.0296875 0.012037037037037037
13 0.12291666666666666 0.2388888888888889 0.17291666666666666 0.28055555555555556
5 0.9236979166666667 0.3101851851851852 0.15260416666666668 0.25925925925925924