0 0.5828125 0.49074074074074076 0.16770833333333332 0.2740740740740741
12 0.2890625 0.549074074074074 0.14270833333333333 0.35
12 0.4625 0.6833333333333333 0.19479166666666667 0.34629629629629627
14 0.3619791666666667 0.8592592592592593 0.028125 0.016666666666666666
13 0.3145833333333333 0.2388888888888889 0.17708333333333334 0.3148148148148148
5 0.6348958333333333 0.3101851851851852 0.16979166666666667 0.30185185185185187
0 0.9484375 0.49027777777777776 0.103125 0.26944444444444443
12 0.1484375 0.549074074074074 0.1296875 0.3351851851851852
12 0.03411458333333333 0.6828703703703703 0.06822916666666666 0.36018518518518516
14 0.07552083333333333 0.8592592592592593 0.028645833333333332 0.012037037037037037
13 0.12291666666666666 0.2388888888888889 0.17291666666666666 0.28055555555555556
5 0.9236979166666667 0.3101851851851852 0.15260416666666668 0.25925925925925924