4 0.39010416666666664 0.26944444444444443 0.09479166666666666 0.1685185185185185
7 0.27760416666666665 0.2759259259259259 0.1 0.13333333333333333
0 0.6145833333333334 0.2851851851851852 0.08541666666666667 0.15185185185185185
2 0.503125 0.28703703703703703 0.08333333333333333 0.14814814814814814
14 0.725 0.28888888888888886 0.08958333333333333 0.15925925925925927
15 0.3046875 0.3787037037037037 0.10625 0.18888888888888888
1 0.4395833333333333 0.38425925925925924 0.1375 0.15185185185185185
6 0.5635416666666667 0.38796296296296295 0.10208333333333333 0.1814814814814815
11 0.5 0.5046296296296297 0.12395833333333334 0.15
3 0.3567708333333333 0.5046296296296297 0.12916666666666668 0.22962962962962963
13 0.6317708333333333 0.5175925925925926 0.134375 0.18888888888888888
8 0.4109375 0.6722222222222223 0.165625 0.21666666666666667
12 0.5755208333333334 0.6787037037037037 0.15416666666666667 0.2111111111111111
4 0.04921875 0.2689814814814815 0.0984375 0.13425925925925927
7 0.15989583333333332 0.2759259259259259 0.09739583333333333 0.125
0 0.946875 0.2851851851851852 0.10625 0.10555555555555556
14 0.8375 0.28888888888888886 0.10416666666666667 0.12777777777777777
15 0.1328125 0.3787037037037037 0.1296875 0.12962962962962962
1 0.031510416666666666 0.3837962962962963 0.06302083333333333 0.125
6 0.9705729166666667 0.38796296296296295 0.058854166666666666 0.1259259259259259
3 0.08072916666666667 0.5046296296296297 0.1484375 0.15555555555555556
13 0.9307291666666667 0.5175925925925926 0.12708333333333333 0.17314814814814813
8 0.05260416666666667 0.6722222222222223 0.10520833333333333 0.19444444444444445
12 0.9552083333333333 0.6782407407407407 0.08958333333333333 0.2101851851851852